Downloaded_Data/glds05ag30.asc
ncols         720
nrows         286
xllcorner     -180
yllcorner     -58
cellsize      0.5000000000004
NODATA_value  -9999
[rows 64 to 95 of 286, columns 432 to 503 of 720]
208.0474 17.38854 19.76054 16.44011 19.09173 85.21193 57.08352 264.2858 55.12069 43.85129 198.7934 57.17188 15.28834 24.90918 16.96289 17.98993 15.27954 17.19893 14.40055 13.88794 15.67971 16.03024 11.71631 9.232162 8.361742 9.10112 8.044962 38.5027 8.174438 10.2131 8.77965 7.144312 56.71811 10.4623 8.889894 8.97658 7.685764 7.788171 8.392706 80.57568 9.522175 8.861835 4.564964 5.976353 16.85213 36.57652 7.741444 7.21513 5.978972 5.474267 5.075782 5.174184 14.39173 18.40598 32.19299 8.35568 5.99246 5.376733 4.660712 4.637043 6.62773 6.25566 5.982298 6.277799 6.412609 6.80398 7.782937 6.789416 28.73106 5.105176 3.969448 2.068308
19.13063 17.27566 16.82208 45.75002 22.0616 25.48091 30.14167 49.38133 23.43098 16.39579 17.63155 17.69335 20.37376 14.8956 13.79467 35.42917 33.84998 8.215808 26.93228 9.235462 14.00376 11.73433 52.42619 85.86336 17.34426 13.91668 7.463784 6.608406 5.288388 4.737434 4.865201 6.695034 9.262852 10.44919 22.12427 8.404402 9.73611 9.491573 9.457209 10.77034 11.76731 8.292888 4.657066 4.533704 6.812452 6.317682 5.469008 5.042823 6.376976 5.468297 28.17472 4.219316 4.210588 6.73317 6.349592 5.859179 5.859179 4.880548 3.940388 3.73714 5.716768 5.278977 4.96606 5.065829 4.885757 5.253853 6.177355 9.554239 8.80322 7.134712 5.482845 4.696225
191.3416 22.09393 14.52123 15.823 19.73438 38.15052 538.2629 35.14645 24.25178 22.85981 21.7543 20.99338 27.92755 13.25323 29.12539 12.85199 9.86297 7.632497 23.24196 280.0331 148.5503 29.30362 11.38725 49.98499 8.939947 23.78362 7.143116 6.682908 5.607414 5.903312 6.382117 6.15614 7.624647 8.390095 8.542004 8.768411 11.10564 9.994846 320.5142 10.7124 10.5404 8.490022 6.555802 5.404347 6.063954 6.315557 7.075272 5.064061 4.668019 3.870064 3.513973 2.615326 2.526106 3.25062 4.109421 3.91096 2.457987 2.124161 3.539139 5.008449 5.326047 5.092761 4.27742 4.090816 23.07604 3.523808 5.407331 7.163816 7.009329 7.209578 7.151773 6.636744
27.15205 20.6208 24.67742 182.919 22.07795 22.82108 47.22404 46.90735 26.96035 28.8127 24.42368 21.01295 59.78241 13.49894 44.63082 11.39699 12.20582 12.60541 11.10015 112.374 170.438 16.57051 13.11011 9.635453 12.37274 9.08351 7.551464 6.796252 5.202247 5.637764 113.4809 13.65253 7.887712 7.346114 7.187587 6.360059 9.167562 10.55974 11.16846 7.888341 7.022567 6.203213 20.30373 25.55502 66.61658 170.1438 9.196296 4.438304 3.370988 4.368551 4.188551 2.048709 2.365663 2.526107 1.691156 1.607858 1.607858 1.66399 2.385056 4.329409 4.325139 3.602434 3.280113 3.651326 3.401172 3.024574 4.487524 4.766716 5.331595 6.300721 120.5675 32.94672
44.30389 213.1855 30.95264 32.8447 30.63485 40.04313 40.28327 34.94052 30.42005 28.29137 21.17562 30.79278 15.90265 13.97508 10.63849 13.97042 11.90228 18.14242 14.97912 8.969259 9.067659 11.83939 10.98871 8.343154 9.108059 6.583809 4.033217 2.592283 2.661498 4.168096 4.072908 3.838059 3.868424 4.429346 5.058997 3.717689 4.964743 6.975791 5.812425 6.821162 6.481213 6.200923 7.186879 5.988961 4.758954 13.20734 5.60249 19.48897 2.085665 2.991259 2.641735 1.075041 1.174575 1.25777 1.024095 0.9310802 1.130112 1.506791 1.492186 2.340396 3.395341 2.129586 2.102563 2.580808 2.783776 2.464064 2.500616 2.065077 1.77797 4.41536 4.842865 4.293765
365.7296 85.26837 27.49595 29.10858 50.19318 23.55481 25.68417 47.6745 22.97365 22.85384 22.10918 9.435342 9.939363 12.57781 44.30914 6.824977 7.387997 15.24284 85.30788 12.53632 10.64098 6.439855 5.348255 4.134653 7.891253 4.878932 2.040748 2.460992 3.103284 3.124966 3.088865 2.321976 2.573444 2.816585 2.746134 2.783816 3.365487 2.633454 2.636724 2.661197 4.661327 6.571849 130.2195 5.256073 4.927092 4.92742 2.745683 1.143541 1.122408 1.100338 1.073095 1.073095 1.073022 0.891766 0.7552176 0.7552177 0.8302301 1.234524 1.257755 1.469127 1.818444 32.42297 1.880178 1.532037 1.614892 1.630678 1.630678 1.602173 1.522954 1.404545 1.176715 2.963195
525.9479 66.46888 27.5464 52.03748 19.07813 18.7176 21.27771 18.07677 18.09703 15.76294 10.55499 9.320955 9.392316 8.583355 6.785332 27.54256 6.256907 7.726134 10.68563 10.02402 5.927394 3.870321 2.666106 2.214498 3.026664 2.588883 2.126273 2.13009 1.742922 1.935031 2.937575 1.562785 1.90745 2.537035 2.26215 2.125926 2.079837 2.225153 2.340602 2.670191 3.460629 5.262331 5.219247 5.176383 4.761001 3.354035 1.533839 1.149439 1.149439 1.065309 0.8622807 1.013841 0.983072 0.8237212 0.755218 0.755218 0.755218 0.9211754 1.257757 1.348122 1.435047 1.550999 0.8504987 0.9987894 1.332457 1.470493 1.455346 1.484686 1.16459 1.16459 1.16459 2.755661
33.64456 36.98822 46.88188 32.15417 56.1038 28.93147 24.12615 16.95186 15.81412 14.47293 10.37024 9.63975 7.715052 6.6277 7.49745 9.78416 11.20712 12.55514 12.8647 6.423624 4.210251 3.85492 2.186342 1.999184 1.630736 1.531021 1.739769 1.728188 1.008587 1.005273 1.514845 1.492537 1.452981 1.812967 1.990176 1.711485 1.875048 1.876583 2.285436 2.819019 2.818955 3.659344 4.060502 4.172209 2.398599 1.473484 1.379223 1.146219 0.9978163 0.4853107 0.4045026 0.4045026 0.4380053 0.7475578 0.7552193 0.7552193 0.7614911 0.933201 1.243793 1.257758 1.007782 0.3956358 0.289597 0.4073056 0.9130087 1.162591 1.164591 1.164591 1.164591 0.828403 0.9277065 2.917084
58.23232 27.74325 83.22851 252.4724 168.9261 177.7435 252.2952 20.87997 34.5114 13.01449 10.75869 9.555498 9.348667 10.22216 12.26843 16.45999 369.2674 348.6129 15.69698 5.731552 3.472583 2.037517 1.008151 1.00815 1.00815 1.00815 1.00609 1.005262 1.005262 1.087503 1.842746 1.756401 1.525209 1.284126 1.217486 1.217486 1.592328 1.508884 1.280076 1.253103 0.8123993 2.451518 2.71211 2.214879 1.527875 1.259353 1.25464 0.930373 0.5770451 0.4045017 0.4045017 0.4045017 0.4045018 0.4570311 0.6260521 0.7477301 0.8409203 0.6719903 0.5478503 0.4398675 0.2918906 0.2895963 0.2895963 0.2895963 0.2895963 0.4870969 0.8284637 0.9085513 0.7716253 0.5850173 0.5849793 0.5861303
36.88667 26.03471 162.2967 329.5276 421.9505 265.4204 143.5405 162.5757 94.91888 64.20483 20.23133 15.85377 10.97774 10.72687 10.53641 12.05176 38.32164 35.90527 3.695677 3.607115 18.61694 2.417755 1.802248 1.707559 1.416612 1.264985 1.055548 1.197895 1.811846 2.416508 2.502677 2.485162 2.419316 1.623583 1.217486 1.217486 1.217486 1.124148 0.4486566 0.443415 0.443415 0.5662497 1.306913 1.473481 1.334651 0.8866362 0.933883 0.8866362 0.8594989 0.7274999 0.6505057 0.5017284 0.4086137 0.4045022 0.4045023 0.4660415 0.435843 0.2789828 0.2522293 0.2588782 0.2773729 0.2821063 0.282951 1.579537 0.2714505 0.2516631 0.2531197 0.4742438 1.885079 8.149384 0.5849793 0.6102955
28.64463 25.77448 54.65121 371.0525 144.4127 33.27731 20.41837 90.13438 184.0897 22.46705 21.61918 18.57633 159.7121 11.1579 13.09756 8.540264 4.502963 2.807924 2.0138 2.332981 3.357823 2.936187 2.710677 2.659466 2.493548 2.36863 2.328872 2.281073 2.25198 2.266583 2.283548 2.25261 2.201823 1.37441 1.661751 1.797676 1.778748 1.82395 0.6940274 0.4434151 0.4434151 0.4434151 0.4503335 0.614109 0.9201621 0.8866362 0.8866362 0.8866362 0.8866362 0.8866362 1.400994 1.946761 0.7783445 0.4045022 0.4045021 0.3753929 0.2716583 0.2356807 0.2355687 0.2355688 0.2355974 0.2358944 24.3239 67.22588 0.2355688 0.2453537 0.5013199 0.5653886 0.5849802 0.65512 0.6040167 0.6939697
24.54448 20.60397 52.17182 282.2459 32.99341 256.4598 113.7945 583.4965 138.11 27.95158 27.59732 19.26104 11.68129 7.562965 6.922819 5.293933 3.446095 2.182695 1.802824 1.532998 1.374627 2.613207 3.090054 2.934411 3.621209 3.154457 2.368637 2.307476 2.251981 2.251981 2.251981 67.95081 18.05167 2.270426 2.490512 2.490513 2.490514 2.490513 0.6514172 0.4434153 0.4434153 0.4434153 0.4434153 0.5739977 0.8866372 0.8866372 0.8866372 0.8866372 0.8956003 1.286392 2.37263 2.506456 2.455232 1.099039 0.4019494 0.2363155 0.2355687 0.2355687 0.2355687 0.2355687 0.2355687 0.2355687 0.2355687 0.2355687 0.2355687 0.3003533 0.5623255 0.58498 0.58498 0.58498 1.427671 0.8345788
22.96516 142.5139 27.44873 19.48034 122.1123 27.73819 31.1294 28.10962 24.72854 23.68532 17.94414 18.58923 11.23909 9.542969 7.292312 5.477492 3.459213 2.670496 1.284901 1.239171 1.250578 1.452289 3.70423 4.060506 4.772525 3.893777 2.369418 2.34637 2.251977 2.251978 2.251979 2.251979 2.251979 2.422322 2.490514 2.490514 2.490515 2.490514 1.980562 0.9814914 0.5376804 0.4434152 0.4434156 0.6174241 0.8866368 0.8866368 0.8866368 1.269472 1.968883 2.506457 2.506458 2.506458 2.40502 1.848063 1.575248 1.087522 0.8597796 0.4479422 0.235569 0.235569 0.235569 0.235569 0.235569 0.235569 0.235569 0.5084073 0.5849801 0.5849801 0.5849801 0.5849801 0.6753839 0.8345795
23.92015 -9999 -9999 19.73329 20.14294 32.46909 35.74079 32.12525 28.36932 23.91013 19.76393 47.73639 10.52739 9.666535 7.270336 4.725405 34.97706 2.009732 1.230875 1.22758 1.175985 2.397529 7.647878 82.97259 89.26633 9.226459 5.169728 2.368634 -9999 -9999 -9999 -9999 -9999 2.490513 2.490513 2.23136 1.590097 1.35735 1.0833 1.229238 1.571026 0.4477198 0.4434158 0.485777 0.8373345 0.8866369 1.477662 2.474886 2.506457 2.506456 2.442039 2.486915 2.109088 1.825722 1.632965 1.375201 1.482809 1.608869 1.490501 0.8902061 0.7714944 0.730738 0.3833349 0.2394944 0.2373375 0.346155 0.5860946 0.5870004 0.5866112 0.5865418 0.6795504 0.8351926
-9999 -9999 -9999 26.45444 25.26884 40.01892 54.44457 35.80306 61.12101 28.00869 28.15736 26.02243 20.33376 20.17265 15.13653 10.13858 3.784492 1.814053 1.487924 0.8355938 0.8567572 1.65667 8.107165 14.24805 11.82059 10.48593 10.21973 10.21973 -9999 -9999 -9999 -9999 -9999 1.16517 1.681822 1.139862 0.7367294 0.7367292 0.7367296 0.7367292 0.736729 0.5193171 0.4434154 0.613259 0.8337288 0.8938746 2.504972 2.506456 -9999 2.506456 2.201911 1.972725 1.826883 1.825722 1.428093 1.373692 1.409278 1.638779 1.820855 1.800621 1.721846 1.711263 1.414351 1.058662 1.058662 1.058612 0.9461105 0.837616 0.837616 0.837616 0.837616 0.9516301
93.32723 110.5166 75.32959 40.32095 62.45705 160.0121 228.3173 88.11867 49.25317 81.07523 52.04808 190.7485 47.1921 33.1285 24.55684 21.41482 11.32634 9.918777 6.268885 1.155423 0.8193728 2.2155 3.805999 7.094927 11.8206 -9999 -9999 -9999 1.626635 -9999 1.470676 1.231191 0.8064977 0.6454835 0.6588607 0.6454831 0.6714358 0.7367297 0.7367292 0.73673 0.7362259 0.6361824 0.6095331 0.7125831 0.7735339 1.159212 -9999 -9999 -9999 2.506456 2.315382 1.828445 1.82572 1.783867 1.390883 1.373692 1.412907 1.664031 1.804471 1.71674 1.711262 1.916924 2.253883 1.075728 1.058662 1.058662 1.044734 0.8469835 0.8376172 0.8376172 0.839825 0.9610334
-9999 -9999 180.7261 202.83 49.04954 53.67278 57.8471 54.82209 119.1637 76.47844 92.26496 105.3621 38.10394 24.17535 24.36535 22.07443 49.17027 14.69098 15.26841 11.27604 4.066237 7.851001 3.805997 -9999 -9999 -9999 -9999 1.626635 1.626635 1.626634 1.256575 0.9294928 0.6721942 0.6454831 0.6454828 0.6454825 0.6592746 0.7014428 0.7261618 0.7358618 0.7317679 0.7317679 0.7317679 0.7317679 0.8268704 -9999 -9999 -9999 -9999 1.825721 1.825723 1.825722 1.825722 1.700386 1.373691 1.504163 1.542517 1.686086 30.8038 40.10468 1.793253 3.058427 3.369714 1.085076 1.058663 1.058663 1.058663 0.9115214 0.8376167 0.864004 0.9418485 0.9620517
-9999 -9999 -9999 -9999 81.41696 37.80626 58.92345 32.02081 15.99149 20.37258 23.42942 37.56614 94.32494 83.54285 242.4419 45.89532 26.78792 15.96067 13.42958 2.392291 4.653967 13.66249 15.80602 35.60872 -9999 -9999 -9999 -9999 1.626635 1.626634 1.287291 0.7036812 0.6454824 0.6454815 0.6454818 0.6454824 0.557875 0.5264676 0.6454824 0.6501065 0.7317667 0.7317667 0.7317667 0.7317667 0.8463334 -9999 -9999 -9999 1.672916 1.674738 1.942434 1.82572 1.825585 1.455532 1.391443 1.551914 1.553161 1.699049 1.750561 1.726334 2.806911 3.394176 3.487876 2.132878 1.099962 1.058662 1.058662 0.9501256 1.160627 2.385658 1.973233 1.104003
-9999 -9999 -9999 -9999 -9999 -9999 108.2484 98.29677 62.18402 16.77465 11.24595 36.69207 27.13705 94.77959 49.157 75.1589 79.09361 43.72335 27.02533 21.36911 15.86355 34.62054 38.56513 413.7773 -9999 -9999 -9999 -9999 -9999 1.626635 84.23571 5.032555 0.6153411 0.6131716 0.5487177 0.5068036 0.4600422 0.4417038 0.510341 0.5400047 0.7317677 0.7317677 0.7317678 0.7317677 0.8889878 1.670671 11.62487 1.672916 1.701502 1.932417 3.34361 2.642169 1.661208 1.202203 1.107136 1.234146 1.301057 1.355579 1.499684 2.392502 3.374808 3.469092 3.604671 4.472873 13.62248 29.70621 1.170554 24.10253 0.9562582 2.595759 2.667046 11.80445
-9999 -9999 -9999 -9999 -9999 -9999 -9999 108.2484 25.4319 14.49156 20.51113 11.28698 8.427428 39.30644 81.5134 160.2587 71.47311 148.5923 75.73228 295.7599 92.0982 105.1052 61.23247 433.5731 -9999 -9999 -9999 -9999 -9999 -9999 15.20841 0.4991835 0.4264345 24.32346 0.4815753 0.4221886 0.4221886 0.4221886 0.4221886 0.4226929 0.731767 0.731767 0.731767 0.7317681 0.8040035 34.05934 12.83853 21.71046 5.212562 3.719735 4.147685 4.002262 2.370048 0.4218074 0.4218074 0.4218074 0.4218074 0.7181554 0.8632351 2.480475 3.383004 3.567238 3.591337 5.245512 41.21999 15.4852 6.273055 4.210911 21.62089 7.4665 13.76878 13.06098
-9999 -9999 -9999 -9999 -9999 -9999 -9999 -9999 -9999 1260.634 20.45634 67.20687 43.25236 18.08326 11.35366 17.67057 25.41894 198.2982 38.42247 17.01712 40.08634 35.29519 78.02457 160.7752 -9999 -9999 -9999 -9999 -9999 -9999 -9999 0.4221888 0.4221889 0.422189 0.4221885 0.4221886 0.4221889 0.4221886 0.4221886 0.4224662 0.7317674 0.7317674 0.7317674 0.7317674 4.992687 28.47136 51.90848 52.05424 8.043874 8.191978 9.997684 21.44063 2.836049 0.4218072 0.4218072 0.4218072 0.5535972 0.809745 0.8383332 1.054407 3.084565 3.315729 2.876224 2.782087 2.882939 5.465852 9.999949 30.64172 21.11867 12.12227 147.9319 16.85428
-9999 -9999 -9999 -9999 -9999 -9999 -9999 -9999 -9999 -9999 -9999 148.657 99.71234 184.7765 84.73503 51.63518 32.80799 12.619 25.02489 28.65138 17.26997 20.35447 41.19056 41.31994 194.9509 -9999 -9999 -9999 -9999 -9999 -9999 -9999 0.4221889 0.4557982 0.5823172 0.7292976 0.7764218 0.5112103 0.422189 0.4222485 0.7317595 0.7317682 1.25404 10.77236 23.01575 27.47878 76.62807 164.7041 51.4251 9.744387 10.52348 18.73344 0.4218073 0.4218073 0.4218073 14.50574 0.5823979 0.8383342 0.8383342 0.8383342 2.74403 3.645938 5.46658 6.387297 7.874924 24.5549 74.25455 184.8376 29.88142 25.67045 17.46666 9.060176
124.9578 -9999 -9999 -9999 -9999 -9999 -9999 -9999 -9999 -9999 -9999 243.504 66.37538 40.11076 36.38831 52.64081 70.26547 587.7538 108.0205 64.59212 61.23304 51.44741 14.57256 30.98716 84.33861 109.5423 -9999 -9999 -9999 -9999 -9999 -9999 0.5922562 0.8931633 -9999 1.010833 1.010833 0.9801957 0.494527 0.4221889 0.7315916 1.023792 11.31793 15.6565 23.77801 12.11873 16.498 95.37508 168.6088 178.646 34.88618 12.24037 0.5977038 0.4218073 0.4218073 0.638248 25.28449 8.69537 0.8383349 0.8383349 1.137742 4.873229 5.798685 5.798685 15.76685 19.17844 25.17451 66.6573 25.51868 10.0918 11.81461 24.25278
124.825 124.9579 144.1926 151.2231 -9999 76.57523 186.5143 210.5738 96.9741 96.18654 60.86028 30.73409 23.56174 25.38362 34.50749 59.70043 68.35567 108.197 75.66199 54.69121 33.41391 36.06225 62.71044 38.11489 49.49966 61.38582 49.34074 -9999 -9999 -9999 -9999 -9999 -9999 1.010833 -9999 -9999 1.010833 1.010833 0.9188456 0.7477792 0.9017636 6.04182 11.17408 11.62002 11.51665 15.68624 15.31049 10.03283 95.20078 130.4989 36.47217 22.92904 15.67279 6.349329 0.7056563 2.92554 3.851607 3.750854 1.504951 1.159714 1.502775 5.577189 7.276011 7.139533 24.99266 86.6377 1567.322 173.3022 85.44328 45.61162 89.61257 342.9445
72.68418 108.1674 131.9098 149.2392 91.17031 71.11471 115.6659 171.6797 185.9816 80.63512 42.31876 28.24317 36.34386 27.57898 28.8873 92.994 94.23434 95.9924 63.69205 80.5532 210.1989 84.24644 104.0719 75.72997 44.08848 35.76172 30.96673 951.0056 986.4009 -9999 -9999 -9999 -9999 1.010833 1.010833 1.010833 1.010833 1.010833 1.010833 1.010833 1.085623 4.996794 11.57312 10.19434 16.01783 13.75187 11.88716 8.127953 5.418896 3.166765 3.147663 3.372896 43.26442 18.1792 9.468997 14.86406 24.87806 34.29139 17.2318 8.751286 9.596025 10.4559 9.229107 36.45779 108.3357 215.2814 151.813 156.5895 67.0164 229.3864 259.609 415.4251
88.18195 73.43189 56.70906 52.17202 46.7005 62.94474 28.06144 27.49214 29.87813 36.91575 38.74417 38.74417 35.73276 28.98929 31.07765 104.664 379.2435 416.0945 74.08665 59.59846 33.51693 66.3466 108.0435 67.03323 58.98662 57.99112 162.4179 818.812 986.4006 986.4009 -9999 -9999 -9999 42.53502 8.887788 1.010832 1.010832 1.010832 1.447621 1.603144 2.34622 2.500319 8.639949 10.36855 11.71884 10.78845 8.240859 7.691671 6.806922 3.151302 3.356147 4.962699 9.001365 19.78064 20.00212 18.89275 32.13988 72.16904 133.8875 78.71663 85.71568 66.58759 32.06047 150.1351 75.63221 140.2372 191.2772 226.8858 130.7388 200.0944 185.8171 377.6395
37.72909 25.90744 25.47251 25.47251 25.86399 27.32231 27.39631 26.55258 26.30636 36.29539 38.74411 38.74411 40.20327 50.74531 52.08339 49.16 48.11771 96.50437 58.53814 32.34839 32.96626 69.70884 68.77473 74.37634 61.47894 95.70845 186.2627 986.4009 -9999 -9999 -9999 -9999 -9999 449.3814 25.82605 4.794469 11.70802 7.916728 2.371565 2.378987 3.178521 3.655724 5.081427 6.759066 9.530374 8.928257 8.652323 4.678018 7.278716 6.915693 6.925673 6.810305 6.902157 13.27548 18.40871 23.05117 175.2221 105.6957 49.91373 78.70686 124.1914 455.8189 229.9537 59.26031 44.87685 73.87523 75.73647 33.00164 22.01147 21.58554 19.55251 19.21378
41.98575 36.60624 25.47254 27.63685 36.62941 25.12812 10.54365 12.28799 33.45796 29.00214 43.56216 48.08037 54.92325 54.69929 54.34525 54.54336 45.67266 40.64155 82.78107 29.51038 40.7875 45.54578 52.34561 60.6651 68.84043 103.0701 60.09066 -9999 -9999 -9999 -9999 -9999 -9999 -9999 30.16602 30.70691 30.25572 9.268809 2.378989 2.38088 3.093668 3.939128 5.853801 7.534494 11.14425 8.928265 8.684187 5.53394 5.608991 10.06542 18.41611 9.65268 8.428803 9.775829 11.69176 132.0428 24.07603 26.06061 46.32499 77.33299 64.20081 169.6144 146.5399 61.19442 21.13125 25.50838 25.62533 24.96945 19.79254 18.70023 14.04926 12.06021
64.53948 55.05087 37.81567 73.34675 76.47559 64.07263 48.50021 50.68431 51.78396 44.2793 64.52314 61.42983 55.51804 54.43772 54.98153 55.16363 57.91956 71.00445 71.17448 66.94162 37.19389 34.19186 30.07696 53.89764 70.61314 157.6386 103.3895 -9999 -9999 -9999 -9999 -9999 -9999 -9999 30.1145 6.482453 3.95566 2.744125 2.655164 2.628865 27.15058 4.989176 5.903545 7.528901 12.04728 8.929784 7.846155 7.498418 9.593564 12.75366 19.37973 13.70784 9.934028 9.212744 9.213931 20.26418 14.2795 16.45565 44.99315 206.6244 57.72688 89.99887 73.61465 46.96175 125.2217 399.6492 73.22737 41.55102 13.16136 9.745275 10.33594 9.368033
104.3041 69.5108 70.2126 74.60103 79.90002 79.73162 85.68882 93.46512 97.08756 98.86531 128.1644 73.89255 53.48011 53.98246 55.06861 55.16365 61.21605 87.52464 81.95466 78.12837 163.1044 33.70448 40.13285 89.35506 136.2943 116.4556 -9999 -9999 -9999 -9999 -9999 -9999 -9999 -9999 -9999 2.981709 2.981706 2.981706 5.077077 11.6846 10.81958 15.08876 12.91179 9.878353 33.62591 8.928248 7.461957 7.172089 7.088664 8.848038 16.06957 15.34066 11.40324 10.43952 10.18776 10.26872 10.60913 13.71836 14.84821 35.39655 30.62089 24.53566 25.35414 183.3777 78.33865 113.1898 79.79077 46.37154 18.93878 8.988701 8.246964 6.686879
106.3566 69.87673 70.93818 90.24374 91.71614 90.31504 84.53497 90.47939 92.29968 83.19855 106.6122 74.2187 48.7899 49.76618 51.02996 47.38158 50.03112 162.2072 165.8845 352.6833 343.5985 36.82878 49.5555 49.37862 52.58015 43.74409 130.4715 -9999 -9999 -9999 -9999 -9999 -9999 -9999 -9999 2.981708 2.98171 16.42406 59.24615 50.84113 35.20083 27.40931 27.34601 42.69466 21.79379 14.92187 8.587269 6.023304 7.489016 5.728378 12.65484 83.88532 46.57564 10.44105 10.49906 10.26 13.18353 13.51438 14.69212 17.6654 17.10981 39.98495 81.89325 82.33892 59.56022 187.5065 100.9906 139.1574 31.27969 13.15586 6.624406 6.513274
133.3973 136.5867 144.3666 157.6474 85.4277 84.25287 84.25288 83.75655 69.29436 86.83164 86.03537 89.53247 92.96927 53.4694 54.58099 49.52277 54.10124 108.1372 144.5609 219.8349 135.4589 34.23763 28.01708 42.83126 42.22458 50.1332 228.8613 446.9879 283.8978 136.7148 -9999 -9999 -9999 -9999 -9999 42.64212 65.83342 85.46658 57.10272 29.85253 26.54794 27.52307 28.86073 51.48676 43.17864 34.93347 58.09816 42.238 21.07179 18.07162 13.51968 22.19574 15.97912 10.44318 9.827941 10.51295 14.12273 18.49519 17.82735 28.52856 47.37241 70.22868 158.2009 53.60925 55.01212 116.6827 99.15188 85.20061 73.48652 43.31517 15.87184 19.82939
