Downloaded_Data/glds90ag30.asc
ncols         720
nrows         286
xllcorner     -180
yllcorner     -58
cellsize      0.5000000000004
NODATA_value  -9999
[rows 192 to 223 of 286, columns 576 to 647 of 720]
-9999 -9999 -9999 -9999 -9999 -9999 -9999 -9999 -9999 -9999 -9999 -9999 -9999 -9999 -9999 -9999 -9999 -9999 -9999 -9999 -9999 -9999 -9999 -9999 -9999 -9999 -9999 -9999 -9999 -9999 -9999 -9999 -9999 -9999 -9999 -9999 -9999 -9999 -9999 -9999 -9999 -9999 -9999 -9999 0.2410592 0.2410592 0.2410592 0.08244523 0.06474657 0.06474661 0.0647466 -9999 -9999 -9999 -9999 -9999 0.1489018 0.1489018 -9999 -9999 -9999 -9999 -9999 -9999 -9999 -9999 -9999 -9999 0.06216296 0.07120162 0.05421627 -9999
-9999 -9999 -9999 -9999 -9999 -9999 -9999 -9999 -9999 -9999 -9999 -9999 -9999 -9999 -9999 -9999 -9999 -9999 -9999 -9999 -9999 -9999 -9999 -9999 -9999 -9999 -9999 -9999 -9999 -9999 -9999 -9999 -9999 -9999 -9999 -9999 -9999 -9999 -9999 -9999 -9999 -9999 -9999 -9999 0.2410591 0.241059 0.2410591 -9999 0.0647466 0.06474662 0.0647466 0.06474662 0.0647466 0.06500362 0.1489018 0.1489018 0.1489018 0.1489018 -9999 -9999 -9999 -9999 -9999 -9999 -9999 -9999 -9999 0.05421628 0.05421622 0.05421626 0.05421627 -9999
-9999 -9999 -9999 -9999 -9999 -9999 -9999 -9999 -9999 -9999 -9999 -9999 -9999 -9999 -9999 -9999 -9999 -9999 -9999 -9999 -9999 -9999 -9999 -9999 -9999 -9999 -9999 -9999 -9999 -9999 -9999 -9999 -9999 -9999 -9999 -9999 -9999 -9999 -9999 -9999 -9999 -9999 -9999 -9999 -9999 174.8696 2.783798 0.05535171 0.05535166 0.05870985 0.06474662 0.06474662 0.06474661 0.1021854 0.1489017 0.1489017 0.1489017 2.506247 -9999 -9999 -9999 -9999 -9999 -9999 -9999 -9999 -9999 0.05421627 0.05421619 0.05421619 0.05421631 -9999
-9999 -9999 -9999 -9999 -9999 -9999 -9999 -9999 -9999 -9999 -9999 -9999 -9999 -9999 -9999 -9999 -9999 -9999 -9999 -9999 -9999 -9999 -9999 -9999 -9999 -9999 -9999 -9999 -9999 -9999 -9999 -9999 -9999 -9999 -9999 -9999 -9999 -9999 -9999 -9999 -9999 -9999 -9999 -9999 0.1418073 2.824864 2.052169 0.05535173 0.05535173 0.6064233 0.06474666 0.06474666 0.06474666 0.1024071 0.1489017 0.1489017 0.1489017 0.1489018 -9999 -9999 -9999 -9999 -9999 -9999 -9999 -9999 -9999 1.326259 0.05940036 0.05421633 0.05421629 0.05421628
-9999 -9999 -9999 -9999 -9999 -9999 -9999 -9999 -9999 -9999 -9999 -9999 -9999 -9999 -9999 -9999 -9999 -9999 -9999 -9999 -9999 -9999 -9999 -9999 -9999 -9999 -9999 -9999 -9999 -9999 -9999 -9999 -9999 -9999 -9999 -9999 -9999 -9999 -9999 -9999 -9999 -9999 -9999 0.09539159 0.1230917 0.1876823 0.2375163 0.07421029 0.05550897 0.05539402 0.06474658 0.06474658 0.06474658 0.06841615 0.1489018 0.1489018 0.1875939 0.1489018 -9999 -9999 -9999 -9999 -9999 -9999 -9999 -9999 -9999 0.08662082 0.06228686 0.05421622 0.05421622 0.05421628
-9999 -9999 -9999 -9999 -9999 -9999 -9999 -9999 -9999 -9999 -9999 -9999 -9999 -9999 -9999 -9999 -9999 -9999 -9999 -9999 -9999 -9999 -9999 -9999 -9999 -9999 -9999 -9999 -9999 -9999 -9999 -9999 -9999 -9999 -9999 0.06684279 0.06684279 0.06684278 0.06684278 -9999 -9999 -9999 -9999 0.09539165 0.09539156 0.09539156 0.09539156 0.09539156 0.06210567 0.0531033 0.0647465 0.0647465 0.0647465 0.06752785 0.1489018 0.1489017 0.8154526 0.8983141 -9999 -9999 -9999 -9999 -9999 -9999 -9999 -9999 0.0975398 0.09434287 0.05513755 0.05421625 0.05421625 0.05421628
-9999 -9999 -9999 -9999 -9999 -9999 -9999 -9999 -9999 -9999 -9999 -9999 -9999 -9999 -9999 -9999 -9999 -9999 -9999 -9999 -9999 -9999 -9999 -9999 -9999 -9999 -9999 -9999 -9999 -9999 -9999 -9999 -9999 0.06684279 0.06684279 0.06684279 0.06684282 0.06684275 0.06684269 0.06684274 -9999 -9999 0.09539159 0.0953915 0.09539147 0.09539147 0.09539147 0.08019564 2.734809 0.03875148 0.0387925 0.03920991 0.06202148 0.04964692 0.1264683 0.1489018 0.8983138 0.8983139 -9999 -9999 -9999 -9999 -9999 -9999 -9999 -9999 -9999 0.08013952 0.05428643 0.05421628 0.05421628 0.05421625
-9999 -9999 -9999 -9999 -9999 -9999 -9999 -9999 -9999 -9999 -9999 -9999 -9999 -9999 -9999 -9999 -9999 -9999 -9999 -9999 -9999 -9999 -9999 -9999 -9999 -9999 -9999 -9999 -9999 -9999 -9999 -9999 -9999 0.06684279 0.06684277 0.06684279 0.06684276 0.06684276 0.06684276 0.06684276 0.06684279 0.06683759 0.01459529 0.06315522 0.06995218 0.04888319 0.04103861 0.03336913 0.4953398 0.03874939 0.03874939 0.03560418 0.0264106 0.02588737 0.04630262 0.1081869 -9999 -9999 -9999 -9999 -9999 -9999 -9999 -9999 -9999 -9999 -9999 0.05758408 0.05421628 0.05421628 0.05421628 0.05421628
-9999 -9999 -9999 -9999 -9999 -9999 -9999 -9999 -9999 -9999 -9999 -9999 -9999 -9999 -9999 -9999 -9999 -9999 -9999 -9999 -9999 -9999 -9999 -9999 -9999 -9999 -9999 -9999 -9999 -9999 -9999 -9999 0.06684279 0.06684279 0.06684284 0.06684282 0.06684282 0.06684282 0.06684282 0.06684282 0.06684285 0.06679272 0.01416249 0.01416249 0.01416249 0.01416249 0.01416249 0.01490725 0.01951252 0.03712505 0.03874945 0.03494266 0.02525791 0.02525791 0.02525791 0.02525792 0.02525789 0.02525789 -9999 -9999 -9999 -9999 -9999 -9999 -9999 -9999 0.06463898 0.06463506 0.05821148 0.05661223 0.05421634 0.05421634
-9999 -9999 -9999 -9999 -9999 -9999 -9999 -9999 -9999 -9999 -9999 -9999 -9999 -9999 -9999 -9999 -9999 -9999 -9999 -9999 -9999 -9999 -9999 -9999 -9999 -9999 -9999 -9999 -9999 -9999 0.06230179 0.06230178 0.06684278 0.06684275 0.06684279 0.06684278 0.06684278 0.06684278 0.06684278 0.06684279 0.06684278 0.06676933 0.01416247 0.01416247 0.01416247 0.01416247 0.01416247 0.01416247 0.01416247 0.03739549 0.03874935 0.0378362 0.03188679 0.02525788 0.02525788 0.02525788 0.02525789 0.0252579 0.02525789 -9999 -9999 -9999 -9999 -9999 -9999 -9999 0.06463898 0.06463894 0.06463894 0.05952331 0.05421626 0.05421626
-9999 -9999 -9999 -9999 -9999 -9999 -9999 -9999 -9999 -9999 -9999 -9999 -9999 -9999 -9999 -9999 -9999 -9999 -9999 -9999 -9999 -9999 -9999 -9999 -9999 -9999 -9999 -9999 -9999 0.2199478 0.1144721 0.06230178 0.06230177 0.0623018 0.06230173 0.06230173 0.06684279 0.06684279 0.06684279 0.06684279 0.06684279 0.06672659 0.01416248 0.01416248 0.01416248 0.01416248 0.01416248 0.01416248 0.01416248 0.03768107 0.03874936 0.03874936 0.03397379 0.0252579 0.0252579 0.0252579 0.0252579 0.0252579 0.02525791 0.02525789 -9999 -9999 0.9348747 0.9348747 -9999 -9999 0.06463898 0.06463892 0.06463892 0.2292369 0.266478 0.2498003
-9999 -9999 -9999 -9999 -9999 -9999 -9999 -9999 -9999 -9999 -9999 -9999 -9999 -9999 -9999 -9999 -9999 -9999 -9999 -9999 -9999 -9999 -9999 -9999 -9999 -9999 -9999 -9999 0.2199478 0.219948 0.2088825 0.06230178 0.06230179 0.06230179 0.06230179 0.06230179 0.06456244 0.06259654 0.06684271 0.06684271 0.06654493 0.0621854 0.01416247 0.01416247 0.01416247 0.01416247 0.01416247 0.01416247 0.01317071 0.02025708 0.03532832 0.03213262 0.02768832 0.011724 0.02273171 0.02434954 0.02525789 0.02525789 0.02525789 0.02535667 0.03511348 0.03511345 0.8657145 0.8687209 -9999 0.06463898 0.06463896 0.06463901 0.06474796 0.2991288 0.3128777 0.3128777
-9999 -9999 -9999 -9999 -9999 -9999 -9999 -9999 -9999 -9999 -9999 -9999 -9999 -9999 -9999 -9999 -9999 -9999 -9999 -9999 -9999 -9999 -9999 -9999 -9999 -9999 -9999 -9999 0.2199479 0.219948 0.1557676 0.06230177 0.06230178 0.06230178 0.06230178 0.06230178 0.05488445 0.0307268 0.04180342 0.03819719 0.0242899 0.02051037 0.01416249 0.01416249 0.01416249 0.01416249 0.01416249 0.01416249 0.01296789 0.008140197 0.01235039 0.009504122 0.008140197 0.008140197 0.01172973 0.01104114 0.02298969 0.02428716 0.02525789 0.02538902 0.03511351 0.03511351 0.08329543 0.4902324 -9999 0.06463897 0.06372245 0.05615553 0.1199671 0.3115353 0.3128773 0.3128773
-9999 -9999 -9999 -9999 -9999 -9999 -9999 -9999 -9999 -9999 -9999 -9999 -9999 -9999 -9999 -9999 -9999 -9999 -9999 -9999 -9999 -9999 -9999 -9999 -9999 -9999 -9999 -9999 0.2199479 0.2199479 0.1227746 0.06230184 0.06230184 0.06230184 0.06230184 0.06230184 0.02287255 0.02052002 0.02052002 0.02052002 0.02052002 0.02051031 0.01416248 0.01416248 0.01416248 0.01416248 0.01416248 0.01416248 0.01296441 0.008140189 0.00814019 0.00814019 0.008140189 0.008140189 0.008140189 0.008140189 0.008140189 0.008155807 0.02113788 0.02541836 0.03511348 0.03511348 0.03511348 0.04625528 0.06463894 0.06463905 0.05135029 0.009837426 0.03342881 0.1052254 0.06284929 0.1200325
-9999 -9999 -9999 -9999 -9999 -9999 -9999 -9999 -9999 -9999 -9999 -9999 -9999 -9999 -9999 -9999 -9999 -9999 -9999 -9999 -9999 -9999 -9999 -9999 -9999 -9999 -9999 0.2199478 0.2199477 0.2199481 0.1374867 0.06230412 0.0623019 0.0623019 0.0623019 0.0623019 0.02054628 0.02052005 0.02052005 0.02052005 0.02052005 0.02051026 0.01416249 0.01416249 0.01416249 0.01416249 0.01416249 0.01416249 0.01296035 0.008140209 0.008140209 0.008140209 0.008140209 0.008140206 0.008140198 0.008140209 0.008140209 0.008140209 0.02112176 0.02871858 0.182613 0.03511347 0.03511347 0.0432102 0.06463908 0.06463908 0.03513118 0.009837426 0.01006464 0.02810588 0.03001993 0.03001993
-9999 -9999 -9999 -9999 -9999 -9999 -9999 -9999 -9999 -9999 -9999 -9999 -9999 -9999 -9999 -9999 -9999 -9999 -9999 -9999 -9999 -9999 -9999 -9999 -9999 -9999 -9999 0.2199479 0.2199479 0.2199479 0.2143359 0.07000583 0.06230173 0.06230173 0.06230173 0.06230173 0.02058673 0.02052003 0.02052003 0.02052003 0.02052003 0.02051085 0.01416249 0.01416249 0.01416249 0.01416249 0.01416249 0.01416249 0.01295631 0.008140194 0.008140194 0.008140194 0.008140194 0.008140194 0.008140193 0.008140192 0.008140194 0.008140194 0.01131513 0.01751363 0.3711026 0.1787955 0.07707234 0.04619747 0.06463903 0.06463903 0.05737281 0.02199877 0.01040455 0.01484328 0.02908292 0.03001988
-9999 -9999 -9999 -9999 -9999 -9999 -9999 -9999 -9999 -9999 -9999 -9999 -9999 -9999 -9999 -9999 -9999 -9999 -9999 -9999 -9999 -9999 -9999 -9999 -9999 -9999 0.2199478 0.2199479 0.2199479 0.2199479 0.2199479 0.0767093 0.0623018 0.0623018 0.0623018 0.0623018 0.02052169 0.02052003 0.02052003 0.02052003 0.02052003 0.02052003 0.02280349 0.02278006 0.02276118 0.02269853 0.02266021 0.02265064 0.01456703 0.01333337 0.01337896 0.01342467 0.01321319 0.0127068 0.01014953 0.008140192 0.008140187 0.008140187 0.008140187 0.01306848 0.5721214 0.5721214 0.4622491 0.05808237 0.07735369 0.07572246 0.04935103 0.04811329 0.0428437 0.01090318 0.0154023 0.03008298
-9999 -9999 -9999 -9999 -9999 -9999 -9999 -9999 -9999 -9999 -9999 -9999 -9999 -9999 -9999 -9999 -9999 -9999 -9999 -9999 -9999 1.383841 1.383841 0.02371898 0.205244 0.1744916 0.1466596 0.1538795 0.1484673 0.1485712 0.1480546 0.03475191 0.02371899 0.0237299 0.02372285 0.02371899 0.02052034 0.02052002 0.02052002 0.02052002 0.02052002 0.02052002 0.02460231 0.02460231 0.02460231 0.02460231 0.02460231 0.02460231 0.01494411 0.01447678 0.01447678 0.01447678 1.269717 0.01447678 0.01392809 0.009882221 0.009570624 0.008219454 0.00814019 0.01282633 0.5721208 0.5721208 0.5567229 0.1823505 0.07960479 0.06980982 0.03664361 0.03649568 0.03846531 0.03615823 0.03512637 0.04799638
-9999 -9999 -9999 -9999 -9999 -9999 -9999 -9999 -9999 -9999 -9999 -9999 -9999 -9999 -9999 1.095178 -9999 1.095178 1.095178 1.383841 1.383842 1.38384 1.307094 0.04257153 0.04597238 0.03295564 0.023719 0.023719 0.023719 0.023719 0.023719 0.023719 0.023719 0.023719 0.023719 0.023719 0.02052001 0.02052001 0.02052002 0.02052001 0.02052001 0.02052001 0.02460233 0.02460233 0.02460233 0.02460233 0.02460233 0.02460233 0.0154215 0.01447676 0.01447676 0.01447676 0.01447676 0.01447676 0.01447676 0.01447676 0.01447676 0.01292505 0.008398289 0.01281099 0.5721213 0.5721213 0.5721213 0.3264018 0.08040148 0.07489281 0.03768911 0.03649567 0.0391411 0.04578148 0.04578148 0.05182106
-9999 -9999 -9999 -9999 -9999 -9999 -9999 -9999 -9999 -9999 -9999 -9999 -9999 -9999 0.09718308 1.095178 1.095178 1.095179 1.095179 1.145549 1.2926 1.060228 0.2124514 0.02371896 0.02371896 0.02371896 0.02371896 0.02371896 0.02371896 0.02371896 0.02371896 0.02371896 0.02371896 0.02371896 0.02371896 0.02371896 0.02052001 0.02052001 0.02052001 0.02052001 0.02052001 0.02052001 0.0246023 0.02460231 0.0246023 0.0246023 0.0246023 0.0246023 0.02394217 0.01703497 0.0164579 0.01626706 0.01447676 0.01447676 0.01447676 0.01447676 0.01447676 0.01447676 0.01174185 0.01581434 0.5717458 0.5596371 0.4785137 0.1264011 0.08040135 0.07366232 0.03806696 0.03649568 0.039679 0.04578146 0.04710738 0.05528268
-9999 -9999 -9999 -9999 -9999 -9999 -9999 -9999 -9999 -9999 -9999 -9999 -9999 0.09718308 0.09718307 0.8021098 0.8385738 0.6581324 0.5918084 0.7225053 0.3124871 0.03084229 0.02371898 0.02371898 0.02371898 0.02371898 0.02371898 0.02371897 0.02371898 0.02371898 0.02371898 0.02371898 0.02371898 0.02371898 0.02371898 0.02371898 0.02222415 0.02222415 0.02222415 0.02222415 0.02222332 0.02215756 0.0246023 0.0246023 0.0246023 0.0246023 0.0246023 0.0246023 0.0246023 0.02379862 0.02281354 0.01810991 0.01447676 0.01451929 0.01476038 0.01458115 0.01447676 0.01447676 0.01447676 0.016534 0.1610847 0.1494017 0.01973738 0.07713728 0.08040139 0.06695503 0.03649567 0.03649567 0.04285948 0.04571013 0.04727099 0.05556827
-9999 -9999 -9999 -9999 -9999 -9999 -9999 -9999 -9999 -9999 -9999 0.6670281 0.6656521 0.09718309 0.09718309 0.1081477 0.1151863 0.09718293 0.09718293 0.1085581 0.1640514 0.03183307 0.02371897 0.02371897 0.02371897 0.02371897 0.02371897 0.02371897 0.02371897 0.02371896 0.02371897 0.02371898 0.02371897 0.02371897 0.02371896 0.02371898 0.02371897 0.02371897 0.02371897 0.02371897 0.02371897 0.02371897 0.02460231 0.02460231 0.02460231 0.02460231 0.02460231 0.02460231 0.02460231 0.02460231 0.02460231 0.02319388 0.02145696 0.01962821 0.01614417 0.01608887 0.01595574 0.01447743 0.01447696 0.01457873 0.009702506 0.009702506 0.04073744 0.08040141 0.08040141 0.07229775 0.0398773 0.03549904 0.03619372 0.03548681 0.0358076 0.04551468
-9999 -9999 -9999 -9999 -9999 -9999 -9999 -9999 -9999 -9999 -9999 0.6592837 0.6365719 0.1266007 0.097183 0.097183 0.097183 0.097183 0.097183 0.097183 0.097183 0.0873291 0.05342185 0.023719 0.023719 0.023719 0.023719 0.023719 0.023719 0.02371901 0.023719 0.023719 0.023719 0.023719 0.023719 0.023719 0.023719 0.023719 0.023719 0.023719 0.02371901 0.02371899 0.02460231 0.02460232 0.02460232 0.02460232 0.02460232 0.02460232 0.02460232 0.02460232 0.02460232 0.02460232 0.02314807 0.01686788 0.01614418 0.01614418 0.01614418 0.01614418 0.01614418 0.0160867 0.009702506 0.009702506 0.01510755 0.04314432 0.05276437 0.04013926 0.0396607 0.03406414 0.03406414 0.03406414 0.03406414 0.0344906
-9999 -9999 -9999 -9999 -9999 -9999 -9999 -9999 -9999 -9999 -9999 0.4048271 0.5098813 0.2904382 0.09718308 0.09718308 0.09718308 0.09718308 0.09718308 0.09718308 0.09718308 0.07692504 0.02992959 0.02371895 0.02371895 0.02371895 0.02371895 0.02371895 0.02371895 0.02371895 0.02371895 0.02371895 0.02371895 0.02371895 0.02371895 0.02371895 0.02371895 0.02371895 0.02371895 0.02371895 0.02371895 0.02371893 0.02460229 0.02460228 0.02460228 0.02460228 0.02460228 0.02460228 0.02460228 0.02460229 0.02460228 0.02460228 0.01858592 0.01614417 0.01614417 0.01614417 0.01614417 0.01614417 0.01614417 0.0160874 0.009702502 0.009702502 0.009702502 0.009702502 0.009702502 0.00973221 0.02946039 0.03406412 0.03406412 0.03406412 0.08681557 0.1774088
-9999 -9999 -9999 -9999 -9999 -9999 -9999 -9999 -9999 -9999 -9999 0.1951803 0.1946441 0.1281144 0.1125264 0.09733594 0.09718319 0.09718319 0.09718319 0.08711326 0.0734165 0.03282538 0.02420932 0.02420851 0.02420932 0.02396941 0.02200771 0.0220024 0.0220024 0.02294696 0.02191535 0.0220024 0.02200291 0.0217293 0.02158951 0.02158951 0.02158951 0.02158951 0.02158951 0.02158951 0.02158951 0.02234573 0.02460233 0.02460234 0.02460234 0.02460234 0.02460234 0.02460234 0.02460234 0.02168408 0.01649022 0.01694243 0.01656415 0.01614419 0.01614419 0.01614419 0.01614419 0.01614419 0.01614419 0.01608878 0.009702517 0.009498044 0.008797788 0.009691139 0.009216351 0.01019371 0.02895233 0.03406419 0.03406419 0.05286779 0.1956599 0.1984817
-9999 -9999 -9999 -9999 -9999 -9999 -9999 -9999 -9999 -9999 0.1951803 0.1951804 0.1951801 0.1951801 0.18152 0.06726938 0.02605632 0.02920228 0.05894554 0.03992357 0.02740273 0.02740273 0.02740273 0.02740273 0.02694294 0.01848054 0.0108429 0.01082208 0.01082208 0.01082209 0.01082208 0.01082208 0.01082208 0.008768939 0.007720205 0.007720205 0.007720205 0.007720205 0.007720205 0.007720205 0.007720205 0.007720207 0.02460231 0.02460231 0.02460231 0.02460231 0.02460231 0.02460231 0.02460231 0.02302446 0.01757349 8.459662 0.01614418 0.01614418 0.01614418 0.01614418 0.01614418 0.01614418 0.01614418 0.01605023 0.005156775 0.005064468 0.004925542 0.006249225 0.00483726 0.004762143 0.006189995 0.01628551 0.01458497 0.04823355 0.1929835 0.1934416
-9999 -9999 -9999 -9999 -9999 -9999 -9999 -9999 -9999 -9999 0.1951803 0.1951804 0.1951803 0.1935776 0.08217429 0.005494501 0.005494501 0.005494501 0.005494501 0.0146388 0.02740275 0.02740275 0.02740275 0.02740275 0.01857064 0.01082209 0.01082209 0.01082209 0.01082209 0.01082209 0.01082209 0.01082209 0.01082209 0.008766484 0.007720196 0.007720196 0.007720196 0.007720196 0.007720196 0.007720196 0.007720196 0.007720196 0.02533758 0.02533792 0.02533781 0.02533792 0.02533792 0.02533823 0.02534043 0.02525046 0.02045959 0.01614416 0.01614416 0.01669343 0.01808893 0.01812266 0.01819948 0.01833416 0.01847414 0.01850428 0.004762142 0.004762141 0.004762142 0.004762142 0.004762142 0.004762142 0.004775853 0.005425636 0.008257812 0.008468317 0.08005108 0.0677892
-9999 -9999 -9999 -9999 -9999 -9999 -9999 -9999 -9999 -9999 0.1319377 0.1951802 0.1951799 0.1820111 0.04671929 0.005494501 0.005494501 0.005494501 0.005494501 0.01776239 0.02740272 0.02740272 0.02740272 0.02740272 0.0132231 0.01082207 0.01082207 0.01082207 0.01082207 0.01082207 0.01082207 0.01082207 0.01082207 0.008764028 0.007720198 0.007720198 0.007720198 0.007720198 0.007720198 0.007720198 0.007720198 0.007720198 0.02561913 0.02561913 0.02561913 0.02561916 0.02561914 0.02561913 0.02561913 0.02561913 0.02561014 0.02142282 0.0187311 0.02342427 0.02561913 0.02561913 0.02561913 0.02561913 0.02561913 0.02544858 0.004762136 0.004762136 0.004762136 0.004762137 0.004762136 0.005537183 0.007477721 0.007793038 0.008468308 0.008468308 0.008989098 0.02425844
-9999 -9999 -9999 -9999 -9999 -9999 -9999 -9999 -9999 0.075664 0.075664 0.1951803 0.1951801 0.1422367 0.005494502 0.005494502 0.005494502 0.005494502 0.00697114 0.01844553 0.02740274 0.02740274 0.02740274 0.02740274 0.01517521 0.01082207 0.01082207 0.01082207 0.01082207 0.01082208 0.01082208 0.01082207 0.01082207 0.008761562 0.007720205 0.007720206 0.007720205 0.007720205 0.007720205 0.007720205 0.007720205 0.007720205 0.02561912 0.02561912 0.02561912 0.02561912 0.02561912 0.02561912 0.02561912 0.02561912 0.02561912 0.02547593 0.02540118 0.02561912 0.02561912 0.02561912 0.02561912 0.02561912 0.02561912 0.02543126 0.004762141 0.004762141 0.004762141 0.004762141 0.004762141 0.006450427 0.008468303 0.008468303 0.008468303 0.008468303 0.008967478 0.01119192
-9999 -9999 -9999 -9999 -9999 -9999 -9999 -9999 -9999 0.075664 0.07566401 0.07828403 0.1950749 0.1782958 0.03916718 0.008283103 0.004880101 0.004753122 0.01545327 0.02740282 0.02740282 0.02740282 0.02740282 0.02740282 0.01343856 0.0108221 0.0108221 0.0108221 0.0108221 0.0108221 0.0108221 0.0108221 0.0108221 0.008759035 0.007720214 0.007720214 0.007720214 0.007720214 0.007720214 0.007720214 0.007720214 0.007720214 0.02561921 0.02561921 0.02561921 0.02561921 0.02561921 0.02561921 0.02561921 0.02561921 0.02561921 0.02561921 0.02561921 0.02561921 0.02561921 0.02561921 0.0256128 0.02558744 0.02554945 0.02529936 0.004798824 0.004787536 0.004781462 0.00478095 0.004780347 0.005410674 0.008468326 0.008468326 0.01283605 0.0174543 0.01792956 0.02204795
-9999 -9999 -9999 -9999 -9999 -9999 -9999 -9999 -9999 -9999 0.07566401 0.07566399 0.08902451 0.07566413 0.06952412 0.004928964 0.004580809 0.004580809 0.009433665 0.02588241 0.02740277 0.02740277 0.02740277 0.02333012 0.01084593 0.01082209 0.01082209 0.01082209 0.01082209 0.01082209 0.01082209 0.01082209 0.0108221 0.008722018 0.007720221 0.007720221 0.007720221 0.007720221 0.007720221 0.007720221 0.007720221 0.00772022 0.01005488 0.01008908 0.0100633 0.01005489 0.01008605 0.01003916 0.01006268 0.0100769 0.010062 0.0100509 0.01005961 0.01005798 0.01003332 0.01003332 0.01003332 0.01003332 0.01003332 0.01003332 0.01003332 0.01003332 0.01003332 0.01003332 0.01003332 0.01002274 0.008468326 0.01069622 0.01945359 0.02222987 0.02222987 0.02222987
-9999 -9999 -9999 -9999 -9999 -9999 -9999 -9999 -9999 -9999 0.07566401 0.07566408 0.07566412 0.07566412 0.08549398 0.007067951 0.004580808 0.004580808 0.01525915 0.04058011 0.02833616 0.02740279 0.02493841 0.01188942 0.01082209 0.01082209 0.01082209 0.01035708 0.009945551 0.008746057 0.009109366 0.009147953 0.009147953 0.008126236 0.007614914 0.007614914 0.007614914 0.007614914 0.007614914 0.007614914 0.007614914 0.007614914 0.01003331 0.01003331 0.01003331 0.01003331 0.01003331 0.01003331 0.01003331 0.01003331 0.01003331 0.01003331 0.01003331 0.01003331 0.01003331 0.01003331 0.01003331 0.01003331 0.01003331 0.01003332 0.01003331 0.01003331 0.01003331 0.01003331 0.01003331 0.01003299 0.01036236 0.01304719 0.01770444 0.02160683 0.02222983 0.02222983
