Downloaded_Data/glds10ag30.asc
ncols         720
nrows         286
xllcorner     -180
yllcorner     -58
cellsize      0.5000000000004
NODATA_value  -9999
[rows 160 to 191 of 286, columns 360 to 431 of 720]
-9999 -9999 -9999 -9999 -9999 -9999 -9999 -9999 -9999 -9999 135.9459 150.3132 218.5738 538.6765 614.0737 622.912 467.1268 42.54982 49.65686 97.37939 30.10843 29.36526 15.89277 12.953 10.38649 10.06785 8.786427 8.537406 11.64991 10.38419 10.74776 15.41954 11.79566 11.08148 10.30502 7.478509 10.60476 8.635709 18.67898 19.21043 14.65276 20.57242 20.66446 13.34629 9.766017 8.414121 8.591475 4.216036 5.237546 4.414 2.425154 2.410978 2.410978 2.522956 6.239623 5.559621 7.555916 5.381635 3.217409 3.612236 5.546698 7.985203 7.554926 7.554926 8.304235 8.852348 7.210701 7.164007 7.001581 3.667421 4.097512 8.699264
-9999 -9999 -9999 -9999 -9999 -9999 -9999 -9999 -9999 -9999 -9999 189.0557 215.0018 125.6116 622.3434 941.5673 -9999 43.98528 125.5178 142.7892 21.60407 39.70946 124.6214 64.82546 25.1189 16.5418 7.439327 11.19106 12.98093 12.8549 12.86819 19.46377 14.74128 8.975142 10.78133 17.30089 28.28538 268.3661 21.45583 24.19409 17.19402 13.98565 16.88705 14.46225 11.72593 7.878178 5.737931 5.737931 5.737931 5.737931 4.382007 2.410977 2.410977 2.506845 4.965826 6.397807 6.77737 6.374652 5.847019 15.23422 28.8339 28.9987 21.31043 8.359882 9.001493 9.062119 8.405616 7.420601 14.82119 2.914871 3.566416 12.87798
-9999 -9999 -9999 -9999 -9999 -9999 -9999 -9999 -9999 -9999 -9999 -9999 -9999 -9999 -9999 -9999 -9999 153.8888 177.766 318.321 42.85014 36.89998 172.3488 178.9579 29.22337 7.49817 7.411342 8.98528 9.907305 6.712139 6.209568 8.174963 7.268588 2.315465 5.37613 14.30818 17.03498 22.39812 37.58783 77.67594 40.61234 20.36329 20.07055 10.7428 14.47403 32.74376 19.46666 5.997438 6.231915 5.767049 5.688754 7.399603 7.608152 7.557939 8.020947 12.45345 8.477254 6.293679 6.871788 23.13955 27.80934 56.58985 48.96211 69.2896 10.86225 29.00754 15.2784 11.6721 16.09814 42.29893 5.754312 7.81479
-9999 -9999 -9999 -9999 -9999 -9999 -9999 -9999 -9999 -9999 -9999 -9999 -9999 -9999 -9999 -9999 12.98397 12.98397 -9999 29.95404 18.43828 20.5161 37.10129 20.11149 12.00015 7.870975 7.336522 7.336522 6.823567 4.071364 4.08927 6.16419 7.427005 1.973963 1.456211 1.456211 1.518515 18.56858 61.41634 78.30527 55.86567 31.41102 25.8537 21.12074 22.63001 26.01611 9.470036 7.29744 7.32699 8.205602 11.75533 16.87226 17.76557 9.341035 10.09501 21.50097 12.76743 7.34085 13.50784 22.47002 71.70714 286.0264 177.6387 69.06378 31.96789 79.32165 60.90247 24.39289 21.7582 6.57403 9.318503 28.47893
-9999 -9999 -9999 -9999 -9999 -9999 -9999 -9999 -9999 -9999 -9999 -9999 -9999 -9999 -9999 -9999 -9999 -9999 -9999 15.93527 15.97555 19.12028 20.02539 16.73913 11.90721 10.84822 10.33138 7.662976 6.926639 4.245073 4.071362 4.073533 6.348822 1.489397 1.45621 1.45621 8.67841 37.62056 46.77651 50.97295 40.60847 35.88006 32.23682 40.29173 51.93093 51.78443 9.684297 7.319639 7.592535 8.474751 8.50608 12.9116 13.99491 11.67484 29.71344 43.58657 37.30439 13.09854 13.7745 16.03326 117.6462 190.2785 64.11575 24.65446 98.7142 64.02299 77.543 37.10776 20.57965 30.09196 11.99109 7.023455
-9999 -9999 -9999 -9999 -9999 -9999 -9999 -9999 -9999 -9999 -9999 -9999 -9999 -9999 -9999 -9999 -9999 -9999 -9999 20.19328 17.82508 23.68367 21.35822 13.91619 5.770072 6.318503 6.806651 5.653036 5.353542 3.786307 4.042896 4.07136 2.833111 1.122049 1.128896 1.407528 29.33679 39.75791 34.55539 38.15673 33.77647 32.77669 31.02122 31.40632 38.46527 45.28756 36.36468 13.09729 8.657717 9.154284 8.61943 10.39024 10.72174 8.235594 39.7196 49.02475 34.09142 8.885291 6.322354 56.60447 163.8407 208.434 194.9733 7.282892 95.30317 251.8516 136.141 57.91666 26.72551 34.65795 15.75518 7.621554
-9999 -9999 -9999 -9999 -9999 -9999 -9999 -9999 -9999 -9999 -9999 -9999 -9999 -9999 69.17213 -9999 -9999 -9999 -9999 23.86103 11.24261 14.98165 18.4254 6.722205 3.160263 1.143446 1.404942 1.555536 1.782941 2.216094 2.142755 1.943425 1.645213 1.117445 0.9975256 2.119082 9.150416 8.800665 7.748802 12.04854 13.61817 12.75978 13.19075 12.17148 12.08953 7.807929 9.97997 10.61975 10.61144 9.242039 8.244377 8.130972 8.002911 2.735726 25.83301 28.48615 16.85386 5.248538 5.248538 48.11657 144.4028 159.7371 155.4802 65.82125 64.63893 126.22 148.0811 171.7486 42.81468 28.03459 27.17809 6.218526
-9999 -9999 -9999 -9999 -9999 -9999 -9999 -9999 -9999 -9999 -9999 -9999 -9999 -9999 -9999 -9999 -9999 -9999 24.32877 23.52062 13.13111 10.73115 12.8886 7.422644 5.117733 1.541203 1.678608 1.572762 1.428789 1.191425 1.354294 1.277614 1.255757 1.128733 0.9975232 2.522339 5.365811 7.612292 9.761228 11.47296 11.43519 10.98595 12.12876 12.24992 13.28464 9.35396 8.428133 12.46841 12.04077 13.78082 8.153702 5.576383 2.806073 2.603115 2.696434 5.13521 5.248535 5.248535 13.91019 83.91224 86.64191 128.013 113.9373 35.31878 11.77934 61.08868 174.2413 310.7211 440.3685 137.9593 163.494 43.01309
-9999 -9999 -9999 -9999 -9999 -9999 -9999 -9999 -9999 -9999 -9999 -9999 -9999 -9999 -9999 -9999 -9999 -9999 6.823119 3.350228 2.211573 3.12884 2.071219 1.938285 1.784824 2.028408 1.946113 1.521986 1.320479 0.6955649 1.146541 1.25576 1.25576 1.146342 0.997525 2.950605 6.346563 9.275363 9.443568 11.09533 11.40595 9.251045 9.968829 11.72629 13.06654 11.73701 7.350363 23.40398 32.96629 36.15109 122.508 4.097976 2.916575 2.598536 2.598536 11.94375 41.11175 25.14336 78.6165 170.1234 205.7847 185.9115 123.8372 148.3187 162.0138 246.9082 509.7455 351.7958 403.3857 429.7943 300.3267 79.9044
-9999 -9999 -9999 -9999 -9999 -9999 -9999 -9999 -9999 -9999 -9999 -9999 178.412 178.412 -9999 -9999 -9999 -9999 547.8443 116.2978 2.616338 2.172556 1.753558 1.590125 1.359296 1.852689 1.995434 2.147505 2.46403 1.035604 2.450543 3.674438 2.025171 1.957926 1.286741 3.198801 22.44089 9.428942 9.388691 9.791089 9.750831 9.377172 12.29323 10.00016 11.20848 13.27161 8.540056 25.29714 22.17419 14.03159 110.0564 6.440917 5.614433 3.092674 2.598533 3.590288 77.91213 93.27121 151.9247 240.8612 254.6605 107.6564 88.8228 132.8299 306.3056 1336.394 326.0619 393.4024 444.8973 612.6292 253.7901 110.2974
-9999 -9999 -9999 -9999 -9999 -9999 -9999 -9999 -9999 -9999 -9999 -9999 -9999 -9999 -9999 -9999 -9999 -9999 7.963175 5.141177 3.259778 1.927309 1.635594 1.655977 1.666885 1.803289 1.84079 2.077027 3.553149 4.209331 4.907043 4.690789 4.404187 3.116369 1.378188 4.868913 92.69717 11.95114 10.39342 11.25348 14.41559 16.6636 16.96063 15.80848 15.40071 13.04401 10.55898 18.78157 11.56424 6.746445 6.440914 6.440914 6.776105 5.923388 3.365084 3.456588 28.63645 85.85729 98.47459 87.18019 188.4014 130.2543 129.5672 271.7841 97.43598 110.2243 338.1162 327.1022 310.9599 507.0909 282.4413 201.8548
-9999 -9999 -9999 -9999 -9999 -9999 -9999 -9999 -9999 -9999 -9999 -9999 -9999 -9999 -9999 -9999 -9999 17.38038 17.37991 9.747875 5.698875 3.095344 1.747386 1.359325 3.637973 1.83379 1.810414 2.074573 1.708543 4.798615 7.079278 5.49918 4.857252 3.383597 2.650488 16.63093 20.23009 14.95514 11.09655 10.69343 9.231102 15.1896 16.99466 16.28846 15.59236 13.393 12.21216 7.387328 7.072011 6.639752 6.44092 6.44092 7.140393 7.957189 8.168274 10.65653 13.59057 21.06924 142.9838 261.7601 311.6699 190.4917 133.7258 134.1286 89.74041 -9999 -9999 -9999 217.4054 648.8126 348.6846 85.00333
-9999 -9999 -9999 -9999 -9999 -9999 -9999 -9999 -9999 -9999 -9999 202.2797 -9999 -9999 -9999 -9999 -9999 6.075491 7.52129 9.708491 2.747772 3.646725 1.94688 1.419326 3.380439 2.40447 9.924536 5.176409 1.964539 3.234173 5.772151 6.218037 4.750021 6.387546 14.01139 18.7994 17.43215 17.24832 13.41274 4.914896 3.196284 2.90702 6.416147 10.14889 15.59237 14.27665 12.66948 11.12249 7.96048 7.057734 6.515511 6.59872 7.918551 8.179044 10.4717 13.59056 13.59056 215.0319 214.0035 375.2108 194.3738 85.65107 87.77174 91.80383 -9999 -9999 -9999 156.5289 192.828 123.4423 29.84799 28.01159
-9999 -9999 -9999 -9999 -9999 -9999 -9999 -9999 -9999 -9999 -9999 -9999 -9999 -9999 -9999 -9999 -9999 -9999 0.982012 1.019948 1.464577 3.284465 5.662482 2.745456 3.856111 4.446684 10.57822 7.73889 1.806245 2.725004 5.703519 7.653405 8.468833 14.63648 15.43673 15.53957 15.64368 15.73784 15.5757 8.103254 2.995932 2.903205 2.903205 2.919944 12.00962 12.11144 12.46153 11.37994 9.409554 7.687118 6.680034 9.637843 9.730715 8.497962 8.541633 12.24355 26.14576 207.9581 515.353 563.5076 442.8206 81.80788 96.80734 170.2007 -9999 212.4939 169.2254 150.4691 82.55716 33.82458 16.30593 17.29077
-9999 -9999 -9999 -9999 -9999 -9999 -9999 -9999 -9999 -9999 -9999 -9999 -9999 -9999 -9999 -9999 -9999 -9999 0.9820123 1.686205 2.11766 3.262702 4.835003 7.512854 3.604869 5.148348 2.13011 4.780066 4.901842 3.932179 2.82272 5.99165 23.23959 17.29695 11.09419 13.10032 17.70933 16.59084 14.3597 7.783682 4.618942 4.221561 2.980213 3.290695 6.016603 7.010062 7.326769 7.057911 7.621108 12.60333 12.16812 12.8673 12.55351 14.46957 13.72464 15.91519 87.43352 225.7736 385.1133 490.3889 317.2947 169.5327 107.1407 134.6286 212.4939 212.4939 166.3166 171.1268 67.11275 19.54976 16.05718 12.39505
-9999 -9999 -9999 -9999 -9999 -9999 -9999 -9999 -9999 -9999 -9999 -9999 -9999 -9999 -9999 -9999 -9999 -9999 -9999 2.068961 2.226227 3.607142 2.208618 6.068731 9.41193 8.211025 5.264555 4.143218 4.705355 2.548235 2.221122 2.388976 23.44235 18.89855 12.36801 27.33525 27.57877 28.89526 6.564619 4.727507 4.727507 4.747195 4.802366 4.948626 8.034454 7.022838 18.9537 13.44145 15.30798 16.28653 13.41286 12.86731 21.40979 25.8517 16.22935 16.64399 79.5699 451.3978 325.1531 573.5303 419.2216 104.2002 65.48619 95.94792 212.4741 212.494 212.2798 105.3083 74.57051 69.5778 32.89091 12.51898
-9999 -9999 -9999 -9999 -9999 -9999 -9999 -9999 -9999 -9999 -9999 -9999 -9999 -9999 -9999 -9999 -9999 -9999 -9999 -9999 1.844871 2.169041 3.179762 2.996287 8.520756 9.016598 6.886587 5.570225 6.148324 3.441474 3.046606 2.656768 9.517592 9.307057 48.01599 38.19189 29.49375 25.44926 4.734888 4.727503 4.727503 4.784634 4.818609 4.831604 9.545172 10.49682 48.45972 39.48678 16.28651 14.75299 8.90554 9.678081 26.74711 27.78206 18.53845 29.87965 46.93214 165.6486 533.5786 398.9025 262.5646 94.03265 64.60472 73.63164 132.2142 159.6639 159.9038 84.65677 60.77698 39.02525 21.06109 34.37391
-9999 -9999 -9999 -9999 -9999 -9999 -9999 -9999 -9999 -9999 -9999 -9999 -9999 -9999 -9999 -9999 -9999 -9999 -9999 -9999 -9999 1.996496 3.576105 5.162819 19.14605 19.20197 9.113597 17.88734 16.47243 4.220873 154.1322 162.5127 8.978866 9.294353 19.12729 27.99591 30.76165 35.91273 23.12166 5.335171 4.727502 4.789702 5.524592 5.659895 10.01089 10.87195 44.3595 45.62552 16.28652 11.72766 5.066231 5.068053 28.43707 30.93077 17.28129 18.55816 43.92495 73.2406 214.3312 245.7601 155.7931 40.98755 58.13203 73.87817 73.87817 74.47917 76.52422 76.45238 61.49609 49.97959 75.56545 72.21404
-9999 -9999 -9999 -9999 -9999 -9999 -9999 -9999 -9999 -9999 -9999 -9999 -9999 -9999 -9999 -9999 -9999 -9999 -9999 -9999 -9999 -9999 5.230064 61.11987 27.2213 25.63143 36.92581 36.53638 28.69789 31.86841 2100.907 345.004 27.10122 25.48505 28.31769 36.23165 91.20204 101.4726 66.86316 48.57379 14.15547 17.97225 22.26446 22.44568 21.60885 14.3742 18.71759 19.60166 14.73246 15.441 5.106472 5.069563 29.12597 32.60976 13.54023 14.64402 25.80505 42.75053 54.13243 243.6717 122.6956 58.87745 45.11101 45.26803 57.57719 65.46777 68.10976 63.09768 57.56604 55.58013 75.13332 67.44182
-9999 -9999 -9999 -9999 -9999 -9999 -9999 -9999 -9999 -9999 -9999 -9999 -9999 -9999 -9999 -9999 -9999 -9999 -9999 -9999 -9999 -9999 -9999 286.409 121.884 64.60003 76.29789 38.28748 48.08873 46.30946 57.73543 40.99834 29.75379 30.5249 30.44541 58.07106 88.02235 111.3289 75.49616 54.0232 28.4817 23.31457 22.77051 22.74496 31.14522 23.73175 13.68487 12.19864 13.65368 12.68943 5.223526 12.2648 32.48618 30.34566 12.50056 12.48514 12.48514 31.30718 43.21268 79.47079 93.74733 73.08483 37.25146 25.92783 25.21407 38.29169 43.92618 45.17573 51.04079 48.81241 59.31018 42.63854
-9999 -9999 -9999 -9999 -9999 -9999 -9999 -9999 -9999 -9999 -9999 -9999 -9999 -9999 -9999 -9999 -9999 -9999 -9999 -9999 -9999 -9999 -9999 286.409 40.48413 125.8277 119.7174 55.77737 58.41469 98.84157 70.15316 53.82724 33.08767 30.91739 30.73021 62.99655 66.90669 85.67853 56.98904 53.64414 31.8976 23.52578 26.61314 34.28658 43.53633 29.89912 19.41885 13.57936 14.11387 16.26361 14.80759 14.81794 25.44765 30.64389 30.64389 18.2276 11.83239 19.8947 20.27976 65.2119 41.12262 50.09888 40.35429 25.92784 25.4867 20.71308 20.61315 21.56911 41.28354 48.47013 41.07072 38.26227
-9999 -9999 -9999 -9999 -9999 -9999 -9999 -9999 -9999 -9999 -9999 -9999 -9999 -9999 -9999 -9999 -9999 -9999 -9999 -9999 -9999 -9999 -9999 -9999 41.82253 81.19264 154.0048 84.57924 39.10759 74.30159 57.89751 43.32718 31.07217 33.23453 29.09824 33.89545 41.51429 41.35907 42.15401 43.646 35.14203 35.35844 29.70387 34.70256 141.4112 132.599 76.48332 68.00269 26.5185 22.38083 14.81847 14.81847 22.6006 26.48964 18.66297 11.37697 14.63258 20.14626 20.27717 66.59363 27.21097 11.90743 18.09532 18.95338 21.08889 20.61311 20.61311 20.59948 11.04305 13.87661 27.32955 53.47992
-9999 -9999 -9999 -9999 -9999 -9999 -9999 -9999 -9999 -9999 -9999 -9999 -9999 -9999 -9999 -9999 -9999 -9999 -9999 -9999 -9999 -9999 -9999 -9999 10.89977 9.224178 8.744534 8.744534 8.744534 11.90427 23.0327 23.0327 23.0327 25.84652 24.62469 14.09953 13.39921 20.48768 27.75754 42.88465 51.54008 51.54008 47.62712 44.37922 59.49928 53.69798 112.8164 547.8076 38.37117 28.49944 22.34118 17.28828 16.35892 15.79883 15.8516 13.65991 14.10182 20.27711 20.27717 66.59364 45.75796 11.90742 11.90742 11.90742 14.02644 19.53391 20.6131 17.82032 9.493201 8.971376 32.05582 55.51262
-9999 -9999 -9999 -9999 -9999 -9999 -9999 -9999 -9999 -9999 -9999 -9999 -9999 -9999 -9999 -9999 -9999 -9999 -9999 -9999 -9999 -9999 -9999 -9999 8.744542 8.744551 8.744552 9.232234 15.23712 21.53819 23.03276 23.03276 23.03276 23.36934 24.1228 22.382 16.3915 11.51953 10.58197 21.75447 48.35829 49.62828 51.42723 44.81992 41.916 44.99163 62.44115 102.2387 109.5518 59.29009 23.24405 19.95971 14.34272 11.97733 12.7147 12.38585 11.57066 18.11288 21.29376 22.06537 14.83202 14.72175 11.90744 11.90744 11.90744 16.46999 18.17898 9.370216 8.971401 10.57393 41.02808 55.30624
-9999 -9999 -9999 -9999 -9999 -9999 -9999 -9999 -9999 -9999 -9999 -9999 -9999 -9999 -9999 -9999 -9999 -9999 -9999 -9999 -9999 -9999 -9999 -9999 -9999 8.744541 8.744534 12.13043 23.03273 23.03273 23.03273 23.03273 22.66223 22.42887 23.68334 24.12279 23.76007 10.37155 9.303047 4.963315 4.813589 28.13215 30.89301 29.6738 33.42666 33.14009 49.46804 59.34381 22.86952 14.14546 18.93919 20.04786 23.02455 13.03342 11.63539 11.47408 11.4567 17.39419 22.01826 22.01827 22.03427 28.61459 19.49564 11.90744 10.71775 8.810903 8.713416 8.838355 12.00961 22.16292 23.82102 26.28983
-9999 -9999 -9999 -9999 -9999 -9999 -9999 -9999 -9999 -9999 -9999 -9999 -9999 -9999 -9999 -9999 -9999 -9999 -9999 -9999 -9999 -9999 -9999 -9999 -9999 8.744541 8.613381 9.515019 16.2516 21.62727 23.29865 23.03275 19.36679 18.48897 19.96786 23.64924 13.66146 8.954892 8.341618 4.813588 4.813588 4.813588 4.813588 8.822102 22.28074 24.85039 42.33392 45.02808 15.16163 10.07254 10.58178 16.55171 34.72756 35.06043 33.73605 23.95204 11.63024 18.21263 18.13627 21.40652 22.01826 28.94486 29.4129 41.60604 12.49862 8.713416 8.722219 24.52513 39.88248 36.8881 23.84346 23.82101
-9999 -9999 -9999 -9999 -9999 -9999 -9999 -9999 -9999 -9999 -9999 -9999 -9999 -9999 -9999 -9999 -9999 -9999 -9999 -9999 -9999 -9999 -9999 -9999 -9999 -9999 8.456015 8.456023 10.16008 20.25927 26.40211 24.12076 18.44431 18.13103 18.1324 9.355979 5.053527 4.813592 4.813592 4.813592 4.813592 4.813592 4.813592 5.185988 7.168966 7.168966 7.168966 11.88703 13.64382 8.625599 8.625599 16.70483 30.0568 34.30503 23.03538 11.79626 12.73748 14.53199 22.20362 19.57541 18.14344 23.8298 43.86924 53.02221 56.1431 20.99089 11.98754 42.9501 52.24855 44.71097 32.89579 31.14769
-9999 -9999 -9999 -9999 -9999 -9999 -9999 -9999 -9999 -9999 -9999 -9999 -9999 -9999 -9999 -9999 -9999 -9999 -9999 -9999 -9999 -9999 -9999 -9999 -9999 -9999 891.5795 133.4944 17.06264 27.41719 27.41719 21.23082 18.13106 18.13106 18.13106 6.984305 4.813602 4.813602 4.813602 4.813602 4.813602 4.423334 3.682709 4.507976 7.69994 7.226931 7.213766 10.72895 8.797922 8.625607 8.625607 25.8767 29.31332 22.83517 8.68131 10.85632 13.86858 14.78297 42.3007 12.36512 13.65885 18.1549 25.32899 44.4777 63.78121 59.53228 40.20747 48.69755 45.50629 43.85353 35.11538 30.77715
-9999 -9999 -9999 -9999 -9999 -9999 -9999 -9999 -9999 -9999 -9999 -9999 -9999 -9999 -9999 -9999 -9999 -9999 -9999 -9999 -9999 -9999 -9999 -9999 -9999 1009.604 490.3782 8.479162 22.00924 27.41714 24.18382 19.02547 18.13105 18.13105 16.34534 5.755143 4.813592 4.813592 4.813592 4.810818 4.182223 3.505621 3.471692 5.222686 8.847686 8.8448 8.60785 8.798966 8.728865 8.625601 8.626974 26.05725 28.8357 8.316373 7.55406 10.62826 15.45806 65.243 22.7437 10.58821 10.97393 16.73048 18.28602 18.79152 28.25916 49.5154 64.74491 124.0343 40.29179 46.30631 45.34214 25.39943
-9999 -9999 -9999 -9999 -9999 -9999 -9999 -9999 -9999 -9999 -9999 -9999 -9999 -9999 -9999 -9999 -9999 -9999 -9999 -9999 -9999 -9999 -9999 -9999 -9999 -9999 8.456021 8.456007 13.43074 23.109 20.34183 19.32956 18.83058 18.13101 17.55906 9.848125 5.265471 4.813588 4.811594 4.462687 3.47169 3.47169 3.47169 4.071632 8.334752 9.091904 8.886184 9.13003 9.698567 9.356261 9.786325 14.68265 15.35767 8.720427 7.959467 9.510351 11.48105 27.51277 13.44601 10.80259 8.004279 11.53877 17.54245 19.39766 17.52489 18.11324 47.04213 111.7854 36.12549 28.62856 25.63745 13.44364
-9999 -9999 -9999 -9999 -9999 -9999 -9999 -9999 -9999 -9999 -9999 -9999 -9999 -9999 -9999 -9999 -9999 -9999 -9999 -9999 -9999 -9999 -9999 -9999 -9999 -9999 8.509938 12.19113 12.58065 18.97468 20.57558 20.57558 20.07246 18.14345 18.13104 18.13104 12.3774 4.499535 3.805239 3.471688 3.471688 3.471688 3.471688 3.471688 6.739499 10.46404 10.40662 10.46404 23.72705 32.06084 24.54048 20.86242 13.17947 14.29082 11.19302 10.59141 10.71063 16.77988 17.68675 11.62608 10.2855 17.49401 19.46609 18.76388 12.61626 14.83457 17.50666 19.78772 106.0475 29.80864 25.30666 15.01707
-9999 -9999 -9999 -9999 -9999 -9999 -9999 -9999 -9999 -9999 -9999 -9999 -9999 -9999 -9999 -9999 -9999 -9999 -9999 -9999 -9999 -9999 -9999 -9999 -9999 -9999 -9999 20.57558 20.57554 20.57554 20.57554 20.63573 21.85367 23.20079 20.11041 18.13099 18.13099 8.214317 3.471687 3.471687 3.471687 3.471687 3.471687 3.157391 6.39791 10.46402 10.24351 10.16851 19.64248 32.23253 32.23253 30.64851 16.4635 33.46421 26.59921 10.71061 11.00651 17.10912 15.44742 15.34314 14.64504 16.36673 15.95993 12.489 10.09694 5.534683 9.776401 27.61185 60.74994 60.88774 33.55842 15.01705
