Downloaded_Data/glds05ag30.asc
ncols         720
nrows         286
xllcorner     -180
yllcorner     -58
cellsize      0.5000000000004
NODATA_value  -9999
[rows 64 to 95 of 286, columns 504 to 575 of 720]
1.836441 2.16146 2.583561 2.782299 3.066767 2.946725 2.871207 2.899486 3.459277 5.951699 6.067338 5.699037 6.176833 9.816532 11.20061 12.49254 11.30073 10.64528 9.146924 12.39375 8.945551 24.48853 9.182921 9.02544 9.296789 9.626536 142.3823 12.7643 6.582181 4.294339 2.706057 16.06332 2.837682 2.829373 2.101897 2.224165 2.575765 3.528602 4.551609 4.475765 1.981329 1.326552 1.384015 1.446322 1.50805 0.8210809 0.1326909 0.1326499 0.1326499 0.1326499 0.1326499 0.1326499 0.1326499 0.1434402 0.1585945 0.1600054 0.1600054 0.6181507 2.224631 2.966281 2.967227 3.389025 6.13297 195.7749 4.612401 5.578997 5.302636 2.453295 1.087232 1.069123 8.049647 2.434485
3.883321 3.587704 3.703235 3.63322 1.575425 1.188454 1.627283 3.545151 4.071548 97.98118 120.7784 5.985246 5.243081 6.508089 6.787505 6.957417 7.266366 6.962307 6.748488 9.148694 9.274201 8.034093 7.687382 7.942164 9.146405 15.73921 10.93229 11.18975 7.858438 3.406247 1.472502 1.475938 1.753008 2.045666 1.76715 1.76715 1.697187 3.596994 3.986845 2.770955 1.442633 1.326549 1.337642 1.403302 1.376024 1.036098 0.6538358 0.3495084 0.1338362 0.1326497 0.1326497 0.1471167 0.2871054 0.3842509 0.2313841 0.1600053 0.1600053 0.1600053 0.1600053 0.9495147 1.4641 5.573493 7.079432 5.524467 346.193 4.602617 4.567894 4.555463 8.160055 8.12811 3.78202 2.857178
3.903264 3.646178 3.638153 3.162548 1.348012 1.178854 63.33776 9.92576 2.029869 3.62514 2.789577 3.478759 3.847901 3.707795 4.768226 7.003491 5.277606 6.468085 99.45295 10.5934 8.619834 7.929848 6.700326 4.989323 4.420481 9.499187 7.189627 9.164347 36.08431 2.603891 1.485475 1.431648 1.757416 1.72711 1.692669 2.121001 3.118803 1.652591 1.501235 1.633755 1.987081 2.465665 2.245346 1.436922 41.55854 3.807826 0.5782126 0.5236243 0.4441052 0.3254491 0.2891595 0.4776788 0.7122569 1.199472 1.331306 1.043558 0.7667112 0.8860459 1.345363 1.601065 1.801972 2.250699 5.872073 7.18462 7.253202 5.792787 6.699384 8.158135 7.509745 6.830099 6.662356 204.2218
4.959044 3.935522 3.853169 3.667941 1.278207 1.398451 1.659438 1.944322 1.889036 1.292285 1.267563 1.574041 3.040865 3.171057 3.131362 3.3222 3.800687 8.328269 10.97365 9.415044 12.40208 6.111365 4.445364 2.409751 2.991991 3.189402 3.818184 3.42592 3.687155 2.389163 1.349515 0.8500255 0.9126379 0.8730858 1.389064 2.048693 3.91885 3.872168 2.621233 2.931376 2.470427 2.629585 3.155533 3.104273 2.946533 2.155227 0.8199354 0.5233814 0.5233814 0.5540046 0.6771539 0.8047404 1.33447 1.378196 1.378196 1.378196 1.378196 1.378198 1.392076 1.457182 1.979002 2.222408 2.255974 3.635475 4.907745 6.330562 5.808273 4.375619 3.253315 19.56533 5.426019 5.98321
5.394083 5.39254 5.117291 4.662439 2.550805 2.137154 1.991487 1.991487 1.794171 1.34053 1.257045 1.267391 1.548185 2.793338 3.456981 3.070841 4.049811 8.36181 9.112865 13.60235 12.87083 11.83164 7.010151 6.001942 3.051284 2.762691 2.19181 1.612316 1.678547 1.605018 1.469011 0.7431983 0.7341477 0.7341477 0.8406902 1.314934 1.445363 3.941783 2.967561 2.2299 1.666475 1.656318 1.613955 1.555641 1.471873 1.682268 1.519675 0.5906299 0.583918 0.9446129 1.038798 1.059664 1.330859 1.378197 1.378197 1.378197 1.378197 1.378197 1.378197 1.378197 1.73802 2.300505 2.306062 2.306062 2.616419 4.152082 4.270517 4.073647 4.650348 6.4906 5.593506 5.612262
5.704595 58.10613 65.62754 4.151935 4.037564 3.80518 1.893388 1.665764 1.554243 1.342692 1.202092 1.097279 1.208526 2.349411 2.968306 2.960459 170.0205 3.126863 5.929561 11.20879 10.80642 54.41671 20.19501 33.25677 4.149508 2.204248 1.563886 1.55556 1.562192 1.384291 1.127645 0.7896501 0.7806825 0.7568426 0.8020319 1.164872 1.249638 1.448296 1.555314 1.543986 1.543985 1.543986 1.543983 1.543985 1.493967 0.9285374 0.6495412 0.6566666 0.6501598 0.7141279 0.963537 1.040743 1.246471 1.378197 1.378197 1.378197 1.378197 1.378197 1.378197 1.378197 1.414434 1.632847 1.861655 2.007277 1.946102 3.095086 2.901643 2.926454 4.5822 5.230514 7.734632 5.906997
6.606313 214.813 202.4082 4.134908 3.055641 2.590657 1.851226 1.638599 1.253098 1.207631 0.9061286 0.760137 0.760137 0.9923276 1.369643 1.902141 2.755743 3.160104 3.338811 5.534976 6.29637 118.7184 8.247876 7.041337 29.35661 4.161865 2.259823 1.689364 1.712136 1.386076 0.8244008 0.8244007 0.8264463 0.8559074 1.046002 1.843617 1.799084 1.543987 1.543987 1.543987 1.543987 1.543987 1.543987 1.543987 1.543987 1.543987 1.414615 1.137784 1.134015 1.114593 1.074948 1.323863 1.378195 1.378195 1.378195 1.378195 1.378195 1.378195 1.378195 1.378195 1.396819 1.448315 1.45803 1.45803 1.45803 2.346296 2.705747 4.641639 8.650776 4.190392 2.785182 2.735652
3.814257 3.426964 3.274846 2.871336 2.217942 2.198747 2.198747 2.198747 2.142338 1.710351 1.022747 0.7601363 0.7601363 0.7601363 0.7601363 0.7601363 1.598004 3.178564 3.214657 3.242755 3.877182 4.973697 5.119965 4.671461 5.255385 6.343851 3.317258 2.642563 2.64239 3.151879 2.776499 2.140023 1.899932 2.071446 2.110905 2.114503 2.114503 1.913504 1.552761 1.543987 1.543987 1.543987 1.543986 1.543987 1.543987 1.543987 1.543264 1.235832 1.167345 1.185991 1.282621 1.334734 1.35739 1.369732 1.37099 1.378198 1.38665 1.555209 1.424149 1.413118 1.449526 1.458031 1.458031 2.899799 31.4163 6.414934 2.705752 6.90247 18.25615 12.24108 2.705752 2.521055
1.347161 1.449316 1.768416 1.977308 1.612101 1.362011 1.419924 1.682478 1.751288 2.17465 1.526386 0.6376179 0.6710364 0.7527949 0.7601357 0.7601357 1.688824 3.242731 3.242749 3.439688 3.723899 3.884484 4.415191 2.941731 3.000469 2.846029 2.531995 2.203905 2.168675 7.280741 7.134626 7.840755 2.716581 2.114499 2.114498 2.114498 2.114498 2.026818 1.643889 1.375826 1.467133 1.503701 1.51775 1.427714 1.35274 1.398091 1.333996 1.169796 1.167342 1.167342 1.167342 1.167342 1.167488 1.16858 1.321355 1.378196 1.504495 1.949228 1.955678 1.892591 1.584987 1.458029 1.458029 1.458029 7.057733 2.422767 2.424942 1.713557 2.191451 2.503922 2.384641 1.672805
0.83427 0.8345779 0.8414426 0.9526823 0.8623536 0.9733546 0.9708711 0.8619485 0.4842305 0.4752658 0.5555795 0.5656794 0.5656794 0.5887886 1.164565 3.031976 3.689542 3.906295 3.973837 2.445241 2.549779 3.268142 3.552156 2.94442 2.895889 2.294155 2.106666 7.27744 10.39641 9.58034 7.698655 14.70675 14.49181 3.137809 2.134749 2.122751 2.1145 1.836688 1.327253 1.327253 1.327253 1.327253 1.297885 1.167343 1.167343 1.167343 1.167343 1.167343 1.167343 1.167343 1.167343 1.167343 1.275823 1.52958 1.716809 1.786049 1.930272 1.966061 1.966061 1.966061 1.889482 1.593952 1.458028 1.458028 1.431002 1.341207 1.33921 1.33921 18.79919 104.4917 48.20924 1.33921
0.8224816 0.8345788 0.8345788 0.8386006 0.8433713 0.8690715 0.7855384 0.442318 0.4391998 0.4398498 0.5508201 0.5656795 0.5656795 0.5656795 0.5656795 2.774146 4.121659 4.239049 4.360341 2.694591 2.32692 2.357893 3.758067 3.926278 4.018423 3.719867 4.2235 5.335143 7.114767 7.239303 12.15285 15.6721 15.36997 4.438622 2.59883 2.507758 2.289329 2.108714 1.504508 1.327253 1.327252 1.327253 1.294892 0.926864 0.8341348 0.9282638 1.06491 1.161501 1.167342 1.167342 1.167342 1.167342 1.469439 1.622939 1.912224 1.850307 1.966061 1.966061 1.966061 1.966061 1.966061 1.91818 1.596158 1.457616 1.442967 1.3588 1.339209 1.339209 1.923999 121.2398 143.1251 17.72043
0.8345788 0.8345789 0.7826937 0.5904487 0.5608487 0.4688002 1.41743 0.4392004 0.4392004 0.4580454 0.5304532 0.7126159 0.7238127 0.6301576 1.774422 3.979087 3.305273 3.304231 5.40976 6.699556 3.239843 3.363091 19.05455 5.472472 4.024286 4.163176 4.171372 4.18371 4.550283 4.498108 4.473416 4.309336 7.157553 3.135825 2.622279 2.62776 3.314187 2.338974 1.895236 1.327252 1.327252 1.327252 1.327252 1.153767 0.5480477 0.4701705 0.4701705 0.5568126 0.9533664 1.167342 1.167342 1.121463 0.9247042 0.8588989 0.9049679 1.084612 1.672752 1.966062 1.966062 1.966062 1.966759 1.984113 1.977501 1.800744 1.51294 1.33921 1.33921 1.33921 1.33921 1.33921 1.33921 1.33921
0.8345793 0.8345794 0.8309494 0.4551472 1.453393 68.55267 16.82302 0.5176089 0.6045644 0.5558275 1.66994 0.880268 0.9170638 0.9170638 1.321802 1.686694 3.425523 3.942685 7.206997 5.87044 4.085056 17.18736 43.90755 22.33969 21.83042 13.13794 2.619385 2.561342 2.561343 2.561343 2.739059 2.823383 2.816548 2.664562 2.617617 2.744264 3.840499 3.733662 1.999388 1.568145 1.327253 1.327253 1.327253 1.098531 0.6909912 0.4701703 0.4701703 0.4701703 0.5507647 0.6943014 0.9981906 0.9348878 0.841688 0.841688 0.841688 0.841688 0.8470539 1.107398 1.313547 1.984312 1.997702 1.998435 1.998872 1.998872 1.797718 1.316449 1.299436 1.112399 1.223921 1.259091 1.339211 1.203602
0.8345796 0.8345819 0.8345966 0.5477657 0.5885981 1.148695 1.148695 1.148694 1.991929 2.529255 2.414894 1.191604 0.9176792 0.9170638 0.9170635 2.040804 4.439507 3.912786 4.012994 4.144262 4.085056 7.768703 7.638369 11.20621 12.52379 13.33271 20.6195 48.78112 2.727894 2.561344 2.695643 2.823383 2.823299 2.692091 2.617613 2.634984 3.780967 3.712143 1.368512 1.327253 1.327253 1.327253 1.302901 0.5733135 0.4701702 0.4701702 0.4701703 0.4701704 0.4701702 0.4701702 0.4701702 0.5801818 0.8156749 0.8416877 0.8416877 0.8416877 0.8416877 0.8416877 0.9883759 1.98698 1.99887 1.99887 1.99887 1.99887 1.85102 0.9524233 0.7364196 0.7332512 0.7332512 0.7340567 0.8343765 0.7375114
0.9618209 0.9619009 0.9619761 0.9601781 1.214056 1.148695 1.148695 1.148695 1.978964 2.529252 2.529253 2.525154 1.444916 3.846245 6.589464 8.822803 7.935962 5.509365 4.784447 3.906998 5.296279 7.816517 4.597742 4.428793 4.428793 25.43786 75.0837 28.25524 2.561344 2.561341 2.64545 2.82338 2.82338 2.757161 2.617613 2.739186 3.840538 2.863049 1.327484 1.327253 1.327253 1.327252 0.8848289 0.4701704 0.4701704 0.4701704 0.4701704 0.4701704 0.4701704 0.4701705 0.4701706 0.4701704 0.5442603 0.841687 0.8416876 0.8416869 0.8416869 0.8416869 1.379131 1.998871 1.998871 1.998871 1.998871 1.576507 0.9403372 0.7332512 0.7332512 0.7332512 0.7332512 0.7332512 0.7332512 0.7332512
0.9620498 0.9620498 0.9620498 1.11783 1.725592 1.551187 1.476104 1.155246 1.303834 2.560486 3.180737 2.977811 52.98045 7.113356 5.821305 6.623955 8.945886 9.003945 9.206807 16.39093 20.02817 12.24578 6.244394 7.179453 9.800576 68.16218 53.3937 14.90973 15.07072 19.26192 31.72063 10.17055 5.360958 4.957401 4.431936 4.223318 7.413795 9.35529 4.055516 1.554691 1.413468 1.351603 0.7919368 0.4701705 0.4701705 0.4701705 0.4701705 0.4701705 0.4701705 0.4701705 0.4701705 0.4701705 0.5390478 0.8416874 0.8416874 0.8416874 0.8416874 0.8416877 1.729066 1.998873 1.998872 1.998872 1.998873 1.161266 0.6922755 0.7332507 0.7332507 0.7332507 0.7332507 0.7332507 0.7332507 0.7332507
0.9620517 0.9620517 0.9620517 1.150633 1.319278 1.826551 4.046638 1.899077 5.518204 3.42875 5.880161 5.948294 16.06643 25.36312 11.13287 10.02109 21.82447 43.65856 33.71263 39.01957 29.19383 18.99572 14.79238 14.44684 14.1031 89.87933 78.33063 19.32781 44.41667 27.15665 53.91249 50.16472 20.82654 17.37812 13.7651 11.89416 11.79656 10.06141 6.23182 2.394806 2.304253 2.304253 2.263692 1.798491 0.8826063 0.4701701 0.4701701 0.4701701 0.4701701 0.4701701 0.4701701 0.4701701 0.6459076 0.8416878 0.8416877 0.8416878 0.8416878 0.8416878 0.9115094 1.91537 1.998873 1.998873 1.053491 0.3306929 0.4607247 0.5578594 0.5705259 0.7195155 0.7332513 0.7332513 0.7316654 0.7104737
1.025517 0.9620504 1.239326 1.083448 3.872947 5.930544 8.628104 3.385336 9.653935 14.194 12.01404 6.24542 5.188361 5.705537 9.645937 10.08772 21.56339 66.42778 214.9236 78.8136 19.59208 15.23141 15.08276 14.26008 14.10308 34.87751 35.5877 85.67092 195.7022 29.51907 56.08768 46.69277 21.05359 17.49731 14.40528 11.89415 7.054209 5.789772 4.666811 2.304251 2.304251 2.304251 2.304251 2.304251 2.115032 1.078968 0.7372953 0.4701949 0.4701701 0.4701701 0.4701701 0.4701701 0.7724455 0.841686 0.8230856 0.7043039 0.8383363 0.841686 0.841686 1.405491 1.452192 1.266972 0.326375 0.3132053 0.3132053 0.3132053 0.3132053 0.4455653 0.5608948 0.4057659 0.3235033 0.3953298
9.879352 7.080508 5.661172 22.26921 4.967328 8.883627 9.290104 6.739525 6.874964 17.56665 44.90633 23.92751 11.32755 10.93109 7.433626 7.371036 8.542543 32.44984 77.15213 58.80992 41.39476 25.24694 29.0371 27.99462 20.83638 14.47529 16.87785 17.28029 22.80354 51.00316 397.336 630.0467 40.92986 32.27805 14.95905 11.14371 6.011644 5.751226 5.646983 3.688689 2.847633 2.904735 2.626302 1.907516 1.162716 1.126424 1.126425 0.6946735 0.47017 0.47017 0.47017 0.47017 0.7689517 0.8416879 0.8003643 0.3132052 0.4297552 0.4795878 0.4382738 0.3190775 0.3132052 0.3132052 0.3132052 0.3132052 0.3132052 0.3132052 0.3132052 0.3132052 0.3132052 0.3132052 0.3132052 0.3310916
7.276199 7.132864 9.811467 10.54869 28.43963 19.23384 10.89479 7.778457 14.35563 479.2152 119.6737 27.15852 11.52674 8.941511 6.762219 6.792984 7.105568 13.86593 15.68947 17.32218 20.59018 35.34637 31.71781 22.97607 16.92282 4.840093 5.134317 5.360797 9.757741 34.78931 25.75523 16.27302 18.8442 17.95791 19.09992 13.28911 5.625296 5.625296 5.578185 5.484093 5.484093 5.484093 5.425995 5.038122 3.521331 1.927531 2.768225 3.637153 0.8056688 0.4701703 0.4701703 0.4881844 0.8350294 0.841687 0.835734 0.325352 0.3132055 0.3132055 0.3132055 0.3132055 0.3132055 0.3132055 0.3132055 0.3132055 0.3132055 0.3132055 0.3132055 0.3132055 0.3132055 0.3132055 0.3132055 0.3140408
22.80649 7.338157 10.25455 46.09406 55.44812 485.842 57.04958 11.61521 14.2973 25.8485 28.84778 18.1722 22.23666 10.60352 9.678666 7.084712 10.35219 15.0318 15.22464 16.13703 16.10094 12.68988 12.68733 10.39308 4.831965 4.523864 4.50057 4.50057 4.50057 4.581933 5.269674 5.609313 7.308592 11.15578 19.0999 9.370416 5.625297 5.625297 5.605382 5.48409 5.48409 5.48409 5.48409 5.48409 5.484089 5.484089 5.48409 5.48409 2.443694 0.3692874 0.3768222 0.4191568 0.6903217 0.7229929 0.7540238 0.3980241 0.3221954 0.3223999 0.3179436 0.3135711 0.3132053 0.3132053 0.3132054 0.3132052 0.3132053 0.3132053 0.3132053 0.3132053 0.3132053 0.3132053 0.3132053 0.3132053
9.568245 9.162062 8.412648 17.98828 24.52972 18.28705 11.95767 8.076534 25.72528 5.803406 5.856496 5.902888 22.99197 5.97143 6.163192 6.228232 12.86029 15.84209 13.58958 13.43306 13.4148 14.31823 27.61311 26.01012 6.838555 6.723338 21.45467 29.85583 30.74307 23.54298 9.114945 5.714633 7.358834 11.80674 19.08739 7.134206 5.6253 5.6253 5.62428 5.511864 5.484093 5.484093 5.484093 5.484093 5.484093 5.484093 5.484093 5.478946 0.9626325 0.2509826 0.254714 0.3295745 0.3422491 0.3422491 0.3422491 0.3422491 0.3422491 0.3422492 0.3422491 0.3394974 0.3238206 0.3199102 0.3132573 0.3132057 0.3132057 0.3132057 0.3132057 0.3162848 0.7015412 1.288464 2.592422 5.476855
19.94343 15.799 13.69898 8.820082 9.880741 6.825779 5.839855 6.093533 6.131758 5.722348 5.800231 6.031325 6.031524 8.298207 15.84564 16.11756 17.83281 17.65659 14.56186 19.59522 22.41925 23.96954 27.85747 26.13735 7.064689 6.838555 39.09179 69.86322 41.17998 10.6383 9.064878 5.012415 5.871042 7.158681 16.55526 8.048002 5.625295 5.625295 5.625295 5.577105 5.484088 5.484088 5.484088 5.484088 5.507726 6.634679 5.171456 1.944575 0.2509828 0.2509828 0.2509828 0.2945222 0.3422495 0.3422495 0.3422495 0.3422495 0.3422495 0.3422495 0.3422492 0.3422495 0.3422495 0.3416382 0.3539955 1.162525 1.528641 0.8907493 1.058425 1.893959 2.148183 2.148183 2.355223 6.157838
121.6025 61.3783 82.29866 32.69239 4.698663 4.287504 4.290675 10.84599 8.634495 2.791392 3.35859 4.401257 4.809539 14.99671 24.02712 23.70802 28.88374 18.41895 29.45616 33.01896 17.15553 7.970915 16.05365 22.90065 7.775105 4.020256 10.48505 19.10874 3.35726 2.004852 2.004852 2.004852 2.004852 2.013309 2.621914 2.052436 1.64507 2.214168 1.999961 1.476322 1.864283 2.685841 4.356714 5.713306 8.956942 8.819184 5.05613 3.86439 1.091801 0.2595451 0.2509829 0.2669767 0.5552346 0.3422494 0.3422494 0.6167421 0.3507829 0.3422493 0.3422492 0.3422494 0.3418785 0.3410395 0.3410003 0.4134309 1.806589 2.071689 2.103934 2.148185 2.496217 13.27179 106.4897 105.7713
708.5244 318.0791 104.7513 46.03104 21.14797 3.789097 2.258872 2.176723 2.157022 9.706041 11.14307 5.303801 4.192192 4.440109 6.407796 26.2599 26.0904 33.20605 38.7474 31.10399 7.301274 7.117935 7.117935 7.812214 3.844101 2.004848 2.004848 2.004848 2.004848 2.004848 2.004848 2.004848 1.926293 1.666915 1.223083 1.097683 0.161772 0.161772 0.1617721 0.161772 0.161772 0.2878656 1.669577 7.29811 10.39102 9.284311 5.056123 5.056124 5.056126 4.985753 9.023272 9.784253 8.189795 4.911125 8.578141 9.264974 3.658801 0.3421665 0.3419806 0.341448 0.341015 0.3410007 0.3410007 0.3410007 0.6318891 2.029384 2.07504 2.085563 11.38676 61.75016 125.6908 38.45469
109.2877 90.40344 81.55758 10.56438 14.10734 6.771002 2.417926 4.49134 13.74212 17.82431 17.66172 15.84182 9.711389 12.84948 13.89556 13.5298 22.36012 22.36014 35.72562 38.8577 8.903 7.117939 7.117939 7.041656 1.573189 1.142494 1.15569 1.173461 1.180735 1.11593 1.021345 0.9379833 0.2991015 0.161772 0.161772 0.161772 0.161772 0.161772 0.1617719 0.161772 0.161772 2.031688 10.39102 10.39101 10.39101 10.31503 6.777688 4.807621 5.056126 9.061255 13.56163 13.56163 36.60237 16.94421 9.481553 6.305117 0.5611076 0.3410034 0.3410004 0.3410004 0.3410004 0.3410004 0.3410004 0.3410004 0.5229174 1.821094 2.071692 2.071692 2.071692 12.88904 7.750098 6.421886
22.42299 29.3774 24.58451 6.387121 2.430627 2.430627 14.05037 94.10693 143.1732 46.14846 44.89247 40.8314 20.07577 18.97095 18.97095 19.79577 21.55157 21.38466 31.03046 30.9392 8.134672 5.86973 5.857093 2.439773 0.4374272 0.4374272 0.4374272 0.4374272 0.4374272 0.348294 0.161772 0.161772 0.161772 0.161772 0.161772 0.161772 0.1617721 0.1617719 0.161772 0.161772 0.161772 2.839678 4.61136 4.528955 5.657504 2.770638 0.2509827 0.3042013 0.9043519 5.160368 5.720907 12.20494 58.69596 91.65548 33.39711 34.41468 24.47388 0.7416697 0.3410004 0.3410004 0.3410004 0.3410004 0.3410004 1.152085 1.35815 2.07169 2.07169 2.07169 2.07169 176.5846 8.126874 5.006963
5.856633 2.70789 1.653245 5.367049 6.5347 4.7188 32.46084 68.02343 98.55257 72.56671 47.72451 21.00283 21.06454 19.80346 18.97097 18.65267 18.47695 18.45939 17.47917 4.846179 5.635572 1.005749 0.5718211 0.4374273 0.4374273 0.4374273 0.4374273 0.4374273 0.4374273 0.4052332 0.1618073 0.1617719 0.1617719 0.1617719 0.1617719 0.1617719 0.1617719 0.1617719 0.1617719 0.1667149 0.291905 0.5218325 1.094316 1.031986 1.001515 0.7569574 0.5770904 0.2947658 0.2509826 0.2509826 1.266656 1.557133 1.889521 6.243883 32.80653 17.63178 82.43555 99.01474 2.439108 1.625786 13.30546 10.48695 14.28338 20.66189 6.81399 2.071688 2.071688 2.071688 138.1989 127.5982 4.820689 4.820689
3.415636 0.5380778 0.4639314 3.319874 5.572115 6.804021 7.219433 9.102213 38.804 72.21801 80.15765 29.66757 22.09653 18.69859 8.121309 14.15736 18.47693 18.46196 12.66314 4.808146 5.894043 1.003543 0.5644011 0.4374268 0.4374268 0.4374268 0.4374268 0.4374268 0.4374268 0.4374268 0.2211829 0.161772 0.161772 0.161772 0.161772 0.161772 0.2228731 0.507017 0.6008843 0.8008467 0.8876203 0.8876197 0.8876196 0.8876197 0.8876198 0.8876197 0.8876197 0.8182634 1.029533 0.4234453 2.631984 0.9139257 1.914349 3.177682 3.152904 1.884333 50.85678 87.85783 33.2812 24.26727 113.6711 22.17856 20.79494 13.75108 2.388031 2.07169 2.07169 121.5345 351.5023 51.33686 5.161962 5.231676
5.215437 2.237 0.4639312 0.4639314 0.4639314 0.9072533 4.00036 7.35338 7.368686 66.08746 108.3698 16.96992 10.85828 5.699229 5.575923 15.46197 18.46849 18.26085 7.161548 5.547731 5.894302 0.94174 0.5880783 0.4961356 0.437427 0.437427 0.4374271 0.437427 0.437427 0.437427 0.3356837 0.1617717 0.1617717 0.1617717 0.1617718 0.1617718 0.3507065 0.88762 0.8876201 0.8876204 0.8876204 0.8876202 0.8876203 0.8876206 0.8876204 0.8876199 0.8876199 0.8876199 2.627327 4.130947 4.279435 2.422657 0.8889102 1.090127 3.13582 3.740212 3.397883 38.44037 35.27028 27.06254 71.53958 101.1463 65.0125 2.276211 2.071689 2.071687 2.071687 67.51832 188.1214 36.75668 11.92721 5.514152
7.513077 4.221714 0.4639315 0.4639319 0.4639319 0.5943886 1.433683 1.917521 18.86887 46.80389 14.44624 10.63136 5.575927 5.575927 5.749681 17.07182 18.27194 14.19849 4.647323 5.882214 5.888124 0.7877867 0.5974125 0.5883741 0.4376006 0.4374275 0.4374275 0.4374275 0.4374275 0.4374275 0.4352179 0.3708659 0.1617721 0.1617721 0.1617721 0.161772 0.1993226 0.5288153 0.8638741 0.8876206 0.8876206 1.074275 1.191097 1.135225 1.136422 0.8944058 0.8876206 0.8876206 1.675593 4.290926 4.290926 3.975142 1.170189 0.8889106 0.9751774 3.411322 3.896105 6.328681 19.57214 12.07661 91.41917 124.3855 95.62331 44.92912 9.021312 16.77279 36.98769 103.7389 180.9788 41.82446 27.074 36.65801
8.278957 5.295585 1.507362 1.379151 1.388138 4.739432 1.871981 1.442748 8.172359 14.44624 14.44624 6.385184 5.575929 5.575929 10.39645 107.3289 18.20352 8.78593 5.239442 5.894306 5.399768 0.597413 0.597413 0.5584512 0.4374276 0.4374276 0.4374276 0.4374273 0.4374276 0.4374276 0.4374276 0.308405 0.161772 0.161772 0.161772 0.161772 0.161772 0.1645098 0.5810426 0.8876207 0.8876207 1.171371 1.614458 1.695384 1.695385 1.403375 1.187942 1.025019 1.676394 3.827166 4.290926 4.253139 4.235015 3.122757 2.640085 5.013787 5.116348 14.41909 91.83292 93.67447 58.64304 40.69457 53.63309 55.76111 60.3899 89.04601 70.44923 72.08063 51.42111 34.57292 34.73084 38.05236
