Downloaded_Data/glds10ag30.asc
ncols         720
nrows         286
xllcorner     -180
yllcorner     -58
cellsize      0.5000000000004
NODATA_value  -9999
[rows 32 to 63 of 286, columns 576 to 647 of 720]
0.006301951 0.006301951 0.006301951 0.006301951 0.006301951 0.006301951 0.006301951 0.006301951 0.006301951 0.006301951 0.006301951 0.006301951 0.006301951 0.006301951 0.006301951 0.006301951 0.006301951 0.006301951 0.006301951 0.006301951 0.006301951 0.006301951 0.006301951 0.006332838 0.01137175 0.01873584 0.01873603 0.01873603 0.01873603 0.01873603 0.01990492 0.0230507 0.02206801 0.01874196 0.01891507 0.02341344 0.02672754 0.02723849 0.02626254 0.02520856 0.02434791 0.02131715 0.02342214 0.02365461 0.01899991 0.02174017 0.01784735 0.01695229 0.01695229 0.01695229 0.01695229 0.07046208 0.07965826 0.07965826 0.07965826 0.07965826 0.07965826 0.07965826 0.07965826 0.07965826 0.08957309 0.09603824 0.09606794 0.09606794 0.09606794 0.09606794 0.09589073 0.07978487 0.04247418 0.04090858 0.04090858 0.04090858
0.006301951 0.006301951 0.006301951 0.006301951 0.006301951 0.006301951 0.006301951 0.006301951 0.006301951 0.006301951 0.006301951 0.006301951 0.006301951 0.006301951 0.006301951 0.006301951 0.006301951 0.006301951 0.006301951 0.006301951 0.006301951 0.008770225 0.01028664 0.01643594 0.01873603 0.01873603 0.01873603 0.01873603 0.01873602 0.01873603 0.01873603 0.01873603 0.01873603 0.01873603 0.01873603 0.01873603 0.01873603 0.018483 0.01711912 0.01695226 0.01695226 0.01695226 0.01695226 0.01695226 0.01695226 0.01695226 0.01695226 0.01695226 0.01695226 0.01695226 0.01695226 0.07431772 0.07965823 0.07965823 0.07965823 0.07965823 0.07965823 0.07965823 0.07965823 0.07965823 0.07965823 0.08391422 0.09597513 0.09606785 0.09606785 0.09606785 0.06688187 0.04090861 0.04090861 0.04090861 0.04090861 0.04090861
0.006301951 0.006301951 0.006301951 0.006301951 0.006301951 0.006301951 0.006301951 0.006301951 0.006301951 0.006301951 0.006301951 0.006301951 0.006301951 0.006301951 0.006301951 0.006301951 0.006301951 0.006301951 0.006301951 0.008640618 0.01436946 0.01786163 0.01873605 0.01873605 0.01873605 0.01873605 0.01873605 0.01873605 0.01873605 0.01873604 0.01873603 0.01873604 0.01873603 0.01873605 0.01873605 0.01873605 0.01873605 0.01858134 0.01765802 0.01695229 0.01695229 0.01695229 0.01695229 0.01695229 0.01695229 0.01695229 0.01695229 0.01695229 0.01695229 0.01695229 0.01697722 0.07814846 0.07965818 0.07965818 0.07965818 0.07965818 0.07965818 0.07965818 0.07965818 0.07965814 0.07965818 0.08318815 0.07952046 0.06517169 0.04274072 0.03977651 0.0415263 0.03699784 0.0389898 0.04039742 0.04090861 0.04090861
0.00630195 0.00630195 0.00630195 0.00630195 0.00630195 0.00630195 0.00630195 0.00630195 0.00630195 0.00630195 0.00630195 0.00630195 0.00630195 0.00630195 0.00630195 0.00630195 0.00630195 0.00630195 0.006322811 0.01029819 0.01299968 0.01545961 0.02317359 0.01873602 0.01873602 0.01873602 0.01873602 0.01873602 0.01873602 0.01873602 0.01873603 0.01873603 0.01873602 0.01873602 0.01873602 0.01873602 0.01873602 0.01873602 0.01813177 0.01695229 0.01695229 0.01695229 0.01695229 0.01695229 0.01695229 0.01695229 0.01695229 0.01695229 0.01695229 0.01695229 0.04118572 0.07965819 0.07965819 0.07965819 0.07965819 0.07965819 0.07965819 0.07965819 0.07965819 0.07965819 0.07965819 0.07962614 0.05115649 0.02522492 0.02468412 0.02468412 0.02468412 0.02468412 0.02468412 0.02496579 0.02982947 0.03634294
0.0688448 0.09189226 0.05025782 0.006301953 0.02183089 0.04550039 0.06151418 0.07704107 0.06730695 0.04296585 0.01384041 0.006301953 0.006301953 0.006301953 0.006301953 0.006301953 0.006301953 0.006301953 0.006301953 0.006301953 0.008170726 0.04141257 0.1367117 0.2152707 0.1172219 0.02309936 0.01873603 0.01873603 0.01873603 0.01873603 0.01873605 0.01873603 0.01873603 0.01873603 0.01873603 0.01873603 0.01873603 0.01873603 0.01767608 0.01695228 0.01695228 0.01695228 0.01695228 0.01695228 0.01695228 0.01695228 0.01695228 0.01695228 0.01695228 0.03072103 0.0779166 0.0796582 0.0796582 0.0796582 0.0796582 0.0796582 0.0796582 0.0796582 0.0796582 0.0796582 0.0796582 0.0796582 0.0796582 0.07164986 0.05818015 0.03906567 0.02468413 0.02468413 0.02468413 0.02468413 0.02468413 0.02468413
0.1485992 0.1485992 0.1257295 0.1116581 0.1475885 0.1485992 0.1485992 0.1485992 0.1485992 0.1485992 0.1101172 0.01373069 0.006301946 0.006301946 0.006301946 0.006301946 0.006301946 0.006301946 0.006301946 0.006301946 0.1636312 0.2433963 0.2434331 0.2436494 0.2436507 0.05683485 0.01873603 0.01873603 0.01873603 0.01873603 0.01873603 0.01873602 0.01873602 0.01873603 0.01873603 0.01873603 0.01873603 0.0256827 0.07905015 0.06450563 0.07642185 0.07569477 0.07052742 0.05801876 0.01751007 0.01695229 0.01695229 0.01695229 0.03005005 0.07335073 0.07965832 0.07965832 0.07965832 0.07965832 0.07965832 0.07965832 0.07965832 0.07964245 0.07965832 0.07965832 0.07965832 0.07965832 0.0776613 0.0561251 0.04891226 0.028334 0.02468413 0.02468413 0.02468413 0.02468413 0.02468413 0.02468413
0.1485994 0.1485994 0.1485994 0.1485994 0.1485994 0.1485994 0.1485994 0.1485994 0.1454546 0.05093962 0.006513796 0.006301957 0.006301957 0.006301957 0.006301957 0.006301957 0.006301957 0.006301957 0.006301957 0.03951809 0.2052532 0.2433968 0.2434458 0.2436309 0.2147146 0.02185809 0.01873602 0.01873602 0.01873602 0.01873602 0.01873602 0.01873603 0.01873603 0.01873602 0.01873602 0.01873602 0.01873602 0.02061276 0.06613815 0.08728606 0.08728606 0.08728606 0.08728606 0.08728606 0.08074549 0.05947515 0.03747634 0.04865231 0.07859933 0.07965825 0.07965825 0.07965825 0.07965825 0.07891845 0.07842018 0.07699423 0.07617148 0.07607539 0.07649707 0.07697076 0.07742516 0.0773137 0.07746395 0.04613192 0.0246841 0.0246841 0.0246841 0.0246841 0.0246841 0.0246841 0.0246841 0.0246841
0.1485995 0.1485995 0.1485995 0.1485995 0.1485995 0.1485995 0.1485995 0.1485995 0.1305001 0.02045112 0.006301958 0.006301958 0.006301958 0.006301958 0.006301958 0.009550605 0.007587069 0.01074879 0.1565033 0.2691855 0.2709575 0.2510178 0.2435869 0.2436507 0.2436507 0.220117 0.04975933 0.01881742 0.01873606 0.01873606 0.01873606 0.01873606 0.01873602 0.02115141 0.04497637 0.0527072 0.0567853 0.07145876 0.08728629 0.08728629 0.08728629 0.08728629 0.08728629 0.08728629 0.08728629 0.08728629 0.0865548 0.08070677 0.07965835 0.07953744 0.07901853 0.07853395 0.07765716 0.0760183 0.07600683 0.07600683 0.07600683 0.07600683 0.07600683 0.07600683 0.07600683 0.07600683 0.08129745 0.1251941 0.1327758 0.1295947 0.1113733 0.09308706 0.0747519 0.05286183 0.02640259 0.02468416
0.1485993 0.1485993 0.1485993 0.1485993 0.1485993 0.1485993 0.1485993 0.1485993 0.1485993 0.1354832 0.08101965 0.05401404 0.007108286 0.08980095 0.1916261 0.252911 0.2322353 0.2421711 0.2712671 0.2712671 0.2712671 0.269128 0.244402 0.2435209 0.2436506 0.2436506 0.2436506 0.2230273 0.1756775 0.1293857 0.08460044 0.07569908 0.1278228 0.1415074 0.08728606 0.08728609 0.08728607 0.08728606 0.08728606 0.08728606 0.08728606 0.08728606 0.08728606 0.08728606 0.08728606 0.08728606 0.08728606 0.08685675 0.0805335 0.07826548 0.07600685 0.07600685 0.07600685 0.07600685 0.07600685 0.07600685 0.07600685 0.07600685 0.07600685 0.07600685 0.07600685 0.07600685 0.09593855 0.1398761 0.1544137 0.1544137 0.1544137 0.1544137 0.1544137 0.1544137 0.1457608 0.1113816
0.09209704 0.1399236 0.1485994 0.1485994 0.1485994 0.1485994 0.1485994 0.1485994 0.1485994 0.1485994 0.1485994 0.1485994 0.2067113 0.2690919 0.271267 0.271267 0.271267 0.271267 0.271267 0.271267 0.271267 0.271267 0.247722 0.2434028 0.2434772 0.2436209 0.2436085 0.2436511 0.243651 0.243651 0.2436511 0.2436511 0.2241209 0.1751169 0.08937258 0.08728603 0.08728604 0.08728608 0.08728602 0.08728603 0.08728603 0.08728603 0.08728603 0.08728603 0.08728603 0.08728603 0.08728603 0.08728603 0.08708387 0.0789182 0.07600681 0.07600681 0.07600681 0.07600681 0.07600681 0.07600681 0.07600681 0.07600681 0.07600681 0.07600681 0.07600681 0.07600681 0.07600681 0.08255439 0.1422115 0.154414 0.154414 0.154414 0.154414 0.154414 0.154414 0.154414
0.08283092 0.1194751 0.1443209 0.1485993 0.1485993 0.1485993 0.1485993 0.1485993 0.1485993 0.1485993 0.1485993 0.1764564 0.2211652 0.224234 0.2419172 0.269774 0.2712669 0.2712669 0.2712669 0.2712669 0.2712669 0.2712669 0.2694602 0.2450887 0.2433963 0.2433963 0.2434999 0.2436506 0.2436506 0.2436506 0.2436506 0.1412103 0.08731422 0.08728615 0.08728613 0.08728614 0.08728614 0.08728614 0.08728619 0.08728617 0.08728614 0.08728614 0.08728614 0.08728614 0.2053596 0.1879689 0.1607798 0.1916954 0.1420857 0.07600677 0.07600677 0.07600677 0.07600677 0.07600677 0.07600677 0.07600677 0.07600677 0.07600677 0.07600677 0.07600677 0.07600677 0.07600677 0.07600677 0.07600677 0.0899587 0.1544136 0.1544136 0.1544136 0.1544136 0.1544136 0.1544136 0.1544136
0.05477459 0.05477459 0.06987429 0.1485996 0.1485995 0.1485995 0.1485995 0.1485996 0.1485996 0.1485996 0.1485996 0.1665939 0.205892 0.2225957 0.2231428 0.243919 0.2666605 0.2689662 0.2698814 0.2712673 0.2712673 0.2712673 0.2683305 0.2465677 0.2433966 0.2433966 0.2434214 0.2435421 0.2436508 0.2436508 0.2436508 0.2067074 0.1513649 0.1282122 0.1050005 0.08820255 0.08918092 0.09150248 0.09761627 0.1399664 0.2417285 0.6242797 0.6878925 0.6452217 0.5881404 0.588489 0.5884889 0.5884889 0.5809584 0.3121659 0.2606753 0.2311879 0.0760069 0.0760069 0.0760069 0.0760069 0.0760069 0.0760069 0.0760069 0.0760069 0.0760069 0.0760069 0.08000249 0.1155745 0.1378089 0.154414 0.154414 0.154414 0.154414 0.154414 0.154414 0.154414
0.05477461 0.05477461 0.064578 0.1398782 0.1485995 0.1485995 0.1485995 0.1485996 0.1485996 0.1485995 0.1488734 9.987109 0.2206942 0.2225955 0.2225954 0.2225954 0.2225954 0.2225954 0.2231996 0.2344784 0.2470407 0.2505168 0.2518476 0.2403589 0.2433963 0.2433963 0.2433963 0.2434487 0.2432015 0.2366269 0.2185009 0.2088879 0.2232385 0.1946789 0.1849537 0.1165686 0.1106452 0.1106452 0.1106452 0.1716532 0.5565042 0.803679 0.8052009 0.7977396 0.6242996 0.5884883 0.5884883 0.5884883 0.5550148 0.4043958 0.4020416 0.3785633 0.104876 0.07600684 0.07600684 0.07600684 0.07600684 0.07600684 0.07600684 0.07600684 0.07600684 0.07600684 0.08036037 0.1385401 0.1539176 0.1527757 0.1544138 0.1544138 0.1544138 0.1544138 0.1544138 0.1544138
0.05477467 0.05477467 0.05730819 0.09968331 0.1485994 0.1485994 0.1485994 0.1485994 0.1485994 0.1485994 0.1485994 3.454468 0.1588402 0.2019827 0.2225956 0.2225956 0.2225956 0.2225956 0.2225956 0.2225956 0.2225956 0.2225956 0.2225956 0.2227112 0.2313671 0.2433966 0.2433966 0.2433966 0.1958042 0.1134683 0.1106452 0.1106452 0.1106452 0.1106452 0.1106452 0.1106452 0.1106452 0.1106452 0.1106452 0.1255823 0.3922517 14.73188 15.89902 16.6596 1.060755 1.057776 0.7979497 0.7147697 0.7627976 0.449722 0.4020411 0.4020411 0.4013426 0.3536149 0.1838212 0.07600681 0.07600681 0.07600681 0.07600681 0.0844236 0.09032521 0.09836347 0.09668477 0.100797 0.09953247 0.07804277 0.09071496 0.1404534 0.1519177 0.1544137 0.148908 0.1544137
0.05477464 0.05477464 0.05477464 0.1265276 0.1485994 0.1485994 0.1485994 0.1485994 0.1485994 0.1485994 0.148776 0.1820541 0.183077 0.2487205 0.2340182 0.2541127 0.2468337 0.2266939 0.2225956 0.2225956 0.2225956 0.2225956 0.1980304 0.1288566 0.1567639 0.1634247 0.171309 0.2047104 0.1990234 0.1424386 0.1028739 0.1078689 0.1106452 0.1106452 0.1106452 0.1106452 0.1106452 0.1106452 0.2269033 0.5535183 0.5869023 6.97877 16.15406 10.13432 1.348001 1.348001 1.316865 0.8734637 0.8426481 0.7624639 0.6474211 0.6350126 0.4793798 0.4020415 0.3179706 0.08663344 0.0834301 0.08279906 0.08466834 0.100416 0.101828 0.101828 0.1017511 0.08766927 0.07655975 0.07655975 0.07655975 0.07655975 0.08390593 0.09227048 0.07793538 0.09133748
0.0547746 0.0547746 0.0547746 0.07248852 0.1137324 0.1485948 0.1485994 0.1485994 0.1485994 0.1635727 0.2653493 0.3161244 0.3161244 0.3161244 0.3161244 0.3161244 0.3161244 0.3111812 0.2418561 0.2224074 0.1906366 0.1360524 0.09443989 0.0917235 0.0917235 0.0917235 0.0917235 0.0917235 0.0917235 0.0917235 0.0917235 0.09368882 0.1017723 0.3010941 0.3688155 0.6226498 0.6780009 0.6726838 0.7164173 0.7168092 0.7168091 0.716809 0.7168092 0.841538 1.199009 1.104427 0.5024468 0.316835 0.432235 0.377457 0.5113304 0.4308439 0.3223984 0.1839793 0.1219949 0.1018279 0.1018279 0.1018279 0.1018279 0.1018279 0.0979935 0.08523885 0.07876949 0.07655969 0.07655969 0.07655969 0.07655969 0.07655969 0.07655969 0.07655969 0.07655969 0.07655969
0.05477458 0.05477458 0.05477458 0.05477458 0.1980941 0.3082376 0.3032316 0.2709619 0.2683192 0.3025955 0.3161247 0.3161247 0.3161247 0.3161247 0.3157757 0.3136077 0.3161247 0.3161247 0.2695678 0.114536 0.09172349 0.09172349 0.09172349 0.09172349 0.09172349 0.0917235 0.09172349 0.09172349 0.09172349 0.0917235 0.09172352 0.09172348 0.09172352 0.2699044 0.5933065 0.4411806 0.2160225 0.1919765 0.1823884 0.1786925 0.2687531 0.3751808 0.4424273 0.5403963 0.7664176 0.5027346 0.2889841 0.2889841 0.2810325 0.2439683 0.1021877 0.101828 0.101828 0.101828 0.101828 0.101828 0.101828 0.101828 0.101828 0.101828 0.09152522 0.0765597 0.0765597 0.0765597 0.0765597 0.0765597 0.0765597 0.0765597 0.0765597 0.0765597 0.0765597 0.0765597
0.05477449 0.05477449 0.05477449 0.131606 0.3151174 0.3161242 0.3161242 0.3161242 0.3161242 0.3161242 0.3161242 0.3161242 0.3122113 0.2554953 0.1637621 0.1498804 0.1969881 0.2442798 0.1190811 0.09172343 0.09172343 0.09172343 0.09172343 0.09172343 0.09172342 0.09172343 0.09172345 0.09172343 0.09172343 0.09172343 0.09172343 0.09172343 0.09172343 0.09324194 0.1168532 0.1355288 0.1502249 0.1663886 0.1859208 0.1886403 0.1886403 0.2023474 0.2889837 0.2889837 0.2889837 0.2889837 0.2886151 0.288663 0.1631837 0.101828 0.101828 0.101828 0.101828 0.101828 0.101828 0.101828 0.101828 0.101828 0.101828 0.101828 0.08755907 0.07655972 0.07655972 0.07655972 0.07655972 0.07655972 0.07655972 0.07655972 0.07655972 0.07655972 0.07655972 0.07655972
0.05477455 0.05477455 0.08112254 0.29472 0.3161243 0.3161243 0.3161243 0.3161243 0.3161243 0.3161243 0.3161243 0.2962836 0.1731044 0.1424676 0.1424676 0.1424676 0.1424676 0.1424676 0.1071953 0.09217318 0.09848063 0.09172348 0.09172348 0.09172349 0.09172352 0.09172349 0.09172349 0.09172349 0.09172348 0.09172348 0.09620728 0.11215 0.1433603 0.1811879 0.1886406 0.1886406 0.1886406 0.1886406 0.1886406 0.1886406 0.1886406 0.1886697 0.2140854 0.2308552 0.2425269 0.2230464 0.1921415 0.1446253 0.101828 0.101828 0.101828 0.101828 0.101828 0.101828 0.101828 0.1017419 0.101828 0.101828 0.09963942 0.09044665 0.08187656 0.07655967 0.07655967 0.07655967 0.07655967 0.07655967 0.07655967 0.07655967 0.07655967 0.07655967 0.07655967 0.07655967
0.05477459 0.05477459 0.09112595 0.3235232 0.3178766 0.3179798 0.3181116 0.3183984 0.3194213 0.3167815 0.3180214 0.310363 0.1449452 0.1424678 0.1424678 0.1424678 0.1424678 0.1424678 0.1424678 0.1413156 0.1424678 0.1168442 0.09172347 0.09172349 0.09172349 0.09172349 0.09172349 0.09172349 0.09172349 0.1029981 0.1585231 0.1886405 0.1886405 0.1886405 0.1886405 0.1886405 0.1886405 0.1886405 0.1886405 0.1886405 0.1886405 0.1886405 0.1886405 0.1886405 0.1886405 0.1886405 0.1886405 0.1513192 0.1078602 0.09904463 0.06753106 0.06254102 0.07184091 0.08115597 0.07078771 0.02553018 0.03899808 0.0438575 0.04928616 0.05483787 0.06599076 0.07655977 0.07655977 0.07655977 0.07655977 0.07655977 0.07655977 0.07655977 0.07655975 0.07655972 0.07655973 0.07655971
0.06315503 0.3173168 0.5254511 0.5751401 0.5533824 0.504684 0.5362247 0.3958168 0.3203884 0.3204328 0.3205853 0.2638303 0.1424677 0.1424677 0.1424677 0.1424677 0.1424677 0.1424677 0.1424677 0.1424677 0.1424677 0.125979 0.09231143 0.09172357 0.09172357 0.09172357 0.09172357 0.09172357 0.09172357 0.115624 0.1886404 0.1886404 0.198595 0.2101189 0.1886404 0.1886404 0.1886404 0.1886404 0.1886404 0.1886404 0.1886404 0.1886404 0.1886404 0.1886404 0.1886404 0.1886404 0.1886404 0.1886404 0.1550508 0.02879077 0.01831263 0.01831263 0.01831263 0.01831263 0.01831263 0.01831263 0.01831263 0.01831263 0.01831263 0.01831263 0.04961966 0.07647777 0.07655975 0.07655975 0.07655975 0.07655975 0.07655978 0.07655973 0.07655971 -9999 -9999 -9999
0.4310598 0.5421715 0.5771874 0.5771874 0.5771874 0.4826091 0.3472671 0.3217168 0.3205854 0.3205854 0.3134539 0.2220909 0.1424677 0.1424677 0.1424677 0.1424677 0.1424677 0.1424677 0.1467908 0.2191739 0.221391 0.1875125 0.1211673 0.09172351 0.09172351 0.09172351 0.09172351 0.09172351 0.09172351 0.09998495 0.3069665 0.4075073 0.4857964 0.2520006 0.1886406 0.1886406 0.1886406 0.1886406 0.1886406 0.1886406 0.1886406 0.1886406 0.1886406 0.1886406 0.1886406 0.1886406 0.1886395 0.1499109 0.04330393 0.01831265 0.01831265 0.01831265 0.01831265 0.01831265 0.01831265 0.01831265 0.01831265 0.01831265 0.01831265 0.01831265 0.01831265 0.02677574 0.04083779 0.07192231 0.07589236 0.07630953 0.07655971 -9999 -9999 -9999 -9999 -9999
0.5771871 0.586813 0.5771871 0.5771871 0.5771871 0.4780521 0.3205853 0.3205853 0.3205853 0.3205853 0.2380969 0.1424678 10.39145 0.1424678 0.1424678 0.1424678 0.1424678 0.1424678 0.2051864 0.2528274 0.2528274 0.2528274 0.1596138 0.09493257 0.09172355 0.09172355 0.09172355 0.09172355 0.09172355 0.1935555 0.5448385 0.5749506 0.5301535 0.3036872 0.2983146 0.3349045 0.2071796 0.1886405 0.1886405 0.1886405 0.1886405 0.1886405 0.1886405 0.1886405 0.1886405 0.1886405 0.1886405 0.1296048 0.01841071 0.01831263 0.01831263 0.01831263 0.01831263 0.01831263 0.01831263 0.01831263 0.01831263 0.01831263 0.01831263 0.01831263 0.01831263 0.01831263 0.01831263 0.02253691 0.02282072 0.01854224 -9999 -9999 -9999 -9999 -9999 -9999
0.6616294 0.6956415 0.6072811 0.5848152 0.5771873 0.4774131 0.3214358 0.3356822 0.3205852 0.3205852 0.3170353 0.1571594 0.1424676 0.1424676 0.1476788 0.1525716 0.1456045 0.1424676 0.1513512 0.2208063 0.2528271 0.2528271 0.2528271 0.1472591 0.095102 0.1249244 0.1047933 0.09172338 0.1118324 0.4773468 0.5749498 0.5749498 0.5749498 0.5749498 0.5749498 0.5749498 0.5740511 0.5377293 0.381008 0.2024631 0.2200178 0.2378732 0.2557175 0.2404731 0.1896753 0.1894839 0.1929403 0.03332943 0.01831261 0.01831261 0.01831261 0.01831261 0.01831261 0.01831261 0.01831261 0.01831261 0.01831261 0.01831261 0.01831261 0.01831261 0.01831261 0.01831261 0.01831261 0.01831262 -9999 -9999 -9999 -9999 -9999 -9999 -9999 -9999
0.7001169 0.6708667 0.630025 0.5727068 0.4986818 0.4714953 0.4511311 0.4804618 0.7309965 1.237526 0.8437436 0.4806647 0.6267073 0.3394018 0.1648157 0.2263899 0.2234608 0.2167568 0.2372142 0.2474905 0.2528276 0.2528276 0.2528276 0.2725133 0.3373195 0.3433646 0.3274127 0.2406271 0.2578861 0.5378379 0.5688953 0.5749502 0.5749502 0.5749502 0.5749502 0.5749502 0.5749502 0.5749502 0.5749502 0.5749502 0.5749502 0.5749502 0.5749502 0.5734584 0.5410318 0.5231102 0.5501484 0.2411543 0.01831263 0.01831263 0.01831263 0.01831263 0.01831263 0.01831263 0.01831263 0.01831263 0.01831263 0.01831263 0.01831263 0.01831263 0.01831263 0.01831262 -9999 -9999 -9999 -9999 -9999 -9999 -9999 -9999 -9999 -9999
0.7001163 0.6123233 0.4957947 0.4822188 0.4822188 0.4822188 0.4822188 0.4822188 0.5034924 1.624498 1.775615 1.775615 1.726908 0.4427315 0.1651806 0.1971952 0.2528274 0.2532251 0.2528645 0.2528274 0.2528274 0.2528274 0.2528274 0.2528274 0.3035398 0.3433452 0.3424504 0.3433649 0.3433649 0.3433649 0.3518098 0.3729559 0.5019684 0.5749507 0.5749507 0.5749507 0.5749507 0.5749507 0.5749507 0.5749507 0.5749507 0.5749507 0.5749507 0.5749507 0.5749507 0.5749508 0.1195729 0.01831263 0.01831263 0.01831263 0.01831263 0.01831263 0.01831263 0.01831263 0.01831263 0.01831263 0.01831263 0.01831263 0.01831263 0.01831263 0.01831262 -9999 -9999 -9999 -9999 -9999 -9999 -9999 -9999 -9999 0.07655971 -9999
0.7001166 0.6117976 19.53413 0.482219 0.4822187 0.4822187 0.5185093 0.4822187 0.4822187 0.8807501 1.504639 0.7803656 0.5476624 0.1651804 0.1651804 0.198788 0.282648 0.2902352 0.2706363 0.2581788 0.2528273 0.2528273 0.191215 0.09446999 0.08704067 0.07950506 0.1649386 0.2983782 0.3433591 0.3433647 0.3433647 0.3433647 0.3464547 0.3800291 0.3823007 0.4448889 0.4858525 0.4507067 0.4555492 0.4405408 0.4381872 0.539368 0.4486375 0.4250902 0.4352303 0.4448843 0.1180754 0.112359 0.1207965 0.04796252 0.01946807 0.01976008 0.02039835 0.01888392 0.01954027 0.018417 0.01831263 0.01831263 0.01831262 -9999 -9999 -9999 -9999 -9999 -9999 -9999 -9999 -9999 -9999 -9999 -9999 -9999
0.7000551 0.5806022 0.4822187 0.4822185 0.4822194 0.8250446 1.425588 1.085482 0.2593997 0.2467186 0.1651804 0.1651804 0.1651804 0.1651804 0.1651804 0.1679008 0.1976156 0.2631378 0.2999851 0.2997746 0.1692077 0.07963526 0.03690373 0.03513264 0.03513264 0.03513264 0.03513264 0.05998576 0.3433536 0.3433649 0.3433649 0.3433649 0.3433649 26.75841 0.3433649 0.2940607 0.2377546 0.2377348 0.2377348 0.2377348 0.2377348 0.2377348 0.2377348 0.2377348 0.2377348 0.2377348 0.2377348 0.2377348 0.1924042 0.08852945 0.02279785 0.02279785 0.02279785 0.02279785 0.02279786 0.02218255 0.02144012 0.02279785 0.02279785 0.02279787 0.02279785 -9999 -9999 -9999 -9999 -9999 -9999 -9999 -9999 -9999 -9999 -9999
0.6257731 0.5961775 0.4822188 0.4822188 0.690216 1.455237 1.461242 0.6011695 0.1651804 0.1651804 0.1651804 0.1651804 0.1651804 0.1651804 0.1651804 0.1651804 0.1694796 0.2240231 0.2999853 0.2864451 0.05308452 0.03513262 0.03513262 0.03513262 0.03513262 0.03513262 0.05763416 0.1009458 0.3299708 0.3433645 0.4208695 0.3434989 0.3433645 0.3433645 0.3432806 0.2909235 0.2377348 0.2377348 0.2377347 0.2377346 0.2377346 0.2377347 0.2377348 0.2377348 0.2377348 0.2377348 0.1898569 0.07017218 0.02280596 0.02279783 0.02279783 0.02279783 0.02279783 0.02279783 0.02279787 0.02279786 0.02279786 0.02279785 0.02279785 0.02279785 0.02279785 -9999 0.02279785 -9999 -9999 -9999 -9999 -9999 -9999 -9999 -9999 -9999
0.7834807 0.9872093 1.190236 0.7948062 1.476161 1.65738 1.100983 0.1722303 0.16518 0.16518 0.16518 0.16518 0.16518 0.1688167 0.2326753 0.2888273 0.2995453 0.2999846 0.29797 0.1417112 0.04976502 0.2947552 0.1832584 0.3530232 0.5199094 0.8660246 1.056262 1.220583 0.9573549 1.331242 1.722993 1.196137 0.6051629 0.3436993 0.4005674 0.4872685 0.2377343 0.2377343 0.2377343 0.2377345 0.2377344 0.2377343 0.2377343 0.2377343 0.2370962 0.1221176 0.04244357 0.02279784 0.02279784 0.02279784 0.02279784 0.02279784 0.02279784 0.02279784 0.02279784 0.02279784 0.02279784 0.02279784 0.02279785 0.02279786 -9999 0.02279785 0.1644235 0.843065 0.8828768 -9999 -9999 -9999 0.5911694 0.5911695 -9999 -9999
0.9872094 2.19986 2.199859 2.199857 2.199857 2.176638 0.737799 0.1651802 0.1981084 0.3280759 0.3056368 0.3607967 0.2448421 0.2903146 0.2999851 0.2999851 0.2999851 0.2999851 0.3353457 0.9990305 1.364412 1.130387 1.129678 1.130387 1.130387 1.130387 1.130387 1.31706 1.864551 1.864551 2.034969 1.923884 1.864551 1.616963 1.693083 1.694678 0.8572909 0.2377343 15.46419 0.2377343 0.2377343 0.2377343 0.2377343 0.2377343 0.2385727 0.1994167 0.1720503 0.02279784 0.02279784 0.02279784 0.02540001 0.02434707 0.06464886 0.0529535 0.02279784 0.02279784 0.02279784 0.02279784 0.02279784 0.02279785 0.02279786 0.1938559 0.7223971 0.8828754 0.8828762 0.8828765 -9999 -9999 0.5911694 17.32187 0.5911695 -9999
2.328989 2.244707 2.26661 2.309289 2.192255 0.9925942 0.3347013 0.5007249 0.6212564 0.6469222 0.6469222 0.6152015 0.6127012 0.3483273 0.2999848 0.2999848 0.5255567 1.539028 2.920289 3.166518 2.132404 1.416756 1.568092 1.087152 0.8829126 2.095124 2.621276 3.617282 4.551886 4.594278 4.807074 5.076351 4.80817 3.358614 3.243351 1.88798 1.595186 0.4649082 0.2852435 0.2377346 0.2377346 0.28833 0.5072389 0.490093 0.348885 0.3469177 0.3321279 0.1705089 0.1878123 0.193767 0.2776111 0.3428012 0.3452893 0.2511446 0.02857191 0.02279786 0.0345156 0.06671252 0.07895963 0.04702921 0.09774223 0.1351529 0.150224 0.4800965 0.8517339 14.78233 0.8828771 0.5911695 0.59117 0.5911696 0.5911695 -9999
