Downloaded_Data/glds10ag30.asc
ncols         720
nrows         286
xllcorner     -180
yllcorner     -58
cellsize      0.5000000000004
NODATA_value  -9999
[rows 32 to 63 of 286, columns 72 to 143 of 720]
0.004393416 0.004393416 0.004393416 0.004393416 0.004393416 0.004393416 0.003506601 0.003494853 0.003494853 0.003494853 0.003494853 0.003494853 0.003494853 0.003494853 0.003494855 0.000262507 1.258931e-05 1.258932e-05 1.258932e-05 1.258931e-05 1.258932e-05 1.258931e-05 1.258931e-05 1.258932e-05 1.258932e-05 1.258932e-05 1.258932e-05 1.258932e-05 1.258932e-05 1.258932e-05 1.258932e-05 1.258932e-05 1.258932e-05 1.258932e-05 1.258932e-05 1.258931e-05 1.258932e-05 1.258932e-05 1.258932e-05 1.258932e-05 1.258932e-05 1.258932e-05 1.258932e-05 1.236162e-05 0 0 0 0 0 0 0 0 0 0 0 0 0 0 0 0 0 0 0 0 0 0 0 0 0 0 0 0
0.0143757 0.01428045 0.01418344 0.01407566 0.01396509 0.01382128 0.003613426 0.003494849 0.003494849 0.003494849 0.003494849 0.003494849 0.003494849 0.003494849 0.003494849 0.0002781235 1.25893e-05 0.3381394 0.1503016 1.25893e-05 1.657193 0.5571585 1.25893e-05 1.25893e-05 1.25893e-05 1.25893e-05 1.25893e-05 1.25893e-05 1.25893e-05 1.25893e-05 1.25893e-05 1.25893e-05 1.25893e-05 1.25893e-05 1.25893e-05 1.25893e-05 1.25893e-05 1.25893e-05 1.25893e-05 1.25893e-05 1.25893e-05 1.25893e-05 1.25893e-05 1.253991e-05 3.065964e-08 0 0 0 0 0 0 0 0 0 0 0 0 0 0 0 0 0 0 -9999 0 0 0 0 0 0 0 0
0.01530044 0.01530044 0.01530044 0.01530044 0.01530044 0.01530044 0.003616616 0.00349485 0.2016609 0.00349485 0.00349485 0.00349485 0.00349485 0.00349485 0.00349485 0.0007759383 1.258932e-05 1.258932e-05 1.258932e-05 1.258931e-05 1.258932e-05 1.258932e-05 1.258932e-05 1.258932e-05 1.258931e-05 1.258932e-05 1.258932e-05 1.258932e-05 1.258932e-05 1.258932e-05 1.258932e-05 1.258932e-05 1.258932e-05 1.258931e-05 1.258931e-05 1.258932e-05 1.258931e-05 1.258932e-05 1.258932e-05 1.258932e-05 1.258932e-05 1.258932e-05 1.258932e-05 1.258931e-05 2.998637e-07 0 0 0 0 0 0 0 0 0 0 0 0.011799 1.398553 0.108202 0 0 0 0 0 0 0 0 0 0 0 0 0.008880815
0.01530044 0.01530044 0.01530044 0.01530044 0.01530044 0.01530044 0.003600364 0.003494848 0.003494848 0.003494848 0.003494848 0.003494848 0.003494848 0.003494848 0.003494848 0.002272399 1.258931e-05 1.258931e-05 0.5867996 1.258931e-05 0.1026725 0.005288869 1.258931e-05 1.258931e-05 1.258931e-05 1.258931e-05 1.258931e-05 1.258931e-05 1.258931e-05 1.258932e-05 1.258931e-05 1.258931e-05 1.258931e-05 1.258931e-05 1.258931e-05 0.0162988 0.01888476 1.258931e-05 1.258932e-05 1.258931e-05 1.258931e-05 1.258931e-05 1.258931e-05 1.258931e-05 5.29559e-05 6.471671e-05 7.015399e-05 7.393425e-05 7.084492e-05 7.596822e-05 7.756777e-05 7.804354e-05 7.853344e-05 6.585231e-05 0 0 0 0 0 0 0 0 0 0 0 0 0 0 0 0 0 0
0.01530043 0.01530043 0.01530043 0.01530043 0.01530043 0.01530043 0.003584114 0.00349485 0.00349485 0.00349485 0.00349485 0.00349485 0.00349485 0.00349485 0.00349485 0.003490223 0.003481635 0.003483115 0.003478491 0.003400815 0.001389062 1.258932e-05 1.258932e-05 1.258932e-05 1.258932e-05 1.258932e-05 1.258932e-05 1.258932e-05 1.258932e-05 1.258931e-05 1.258932e-05 1.258932e-05 1.258932e-05 1.258932e-05 1.258932e-05 0.01943561 0.01801659 1.258931e-05 1.258932e-05 1.258931e-05 1.258931e-05 1.258931e-05 1.258931e-05 1.258931e-05 0.0001729832 0.0001948748 0.0001948748 0.0001948748 0.0001948748 0.000194875 0.0001948749 0.0001948749 0.0001948748 0.0001638704 0 0 0 0 0 0 0 0 0 0 0 0 0 0 0 0 0 0.01721072
0.01530042 0.01530042 0.01530042 0.01530042 0.01530042 0.01530042 0.003567864 0.003494852 0.003494852 0.003494852 0.003494852 0.003494852 0.003494852 0.003494852 0.003494852 0.003494852 0.003494852 0.003494852 0.003494852 0.003494849 0.002377301 7.119112e-05 7.463609e-05 1.25893e-05 1.25893e-05 1.25893e-05 1.25893e-05 1.25893e-05 1.25893e-05 1.258929e-05 0.2270709 0.1879678 1.258929e-05 1.25893e-05 1.25893e-05 1.25893e-05 1.258929e-05 1.258929e-05 1.258931e-05 1.25893e-05 1.258931e-05 1.258931e-05 1.258931e-05 1.258931e-05 0.0001720894 0.0001948748 0.0001948748 0.0001948748 0.0001948748 0.0001948747 0.0001948747 0.0001948748 0.0001948747 0.0001508581 0 0 0 0 0 0 0 0 0 0 0 0 0 0 0 0 0 0
0.01530044 0.01530044 0.01530044 0.01530044 0.01701569 0.03566429 0.003688879 0.003494852 0.003494852 0.003494852 0.003494852 0.003494852 0.003494852 0.003494852 0.003494852 0.003494852 0.003494853 0.003494852 0.003494853 0.003494853 0.003383725 0.003342166 0.003128885 0.001078691 1.258932e-05 1.258932e-05 1.258932e-05 1.258932e-05 1.258932e-05 1.258932e-05 1.258931e-05 1.258932e-05 1.258932e-05 1.258932e-05 1.258932e-05 1.258932e-05 1.258932e-05 1.258932e-05 1.258932e-05 1.258932e-05 1.258932e-05 1.258932e-05 1.258933e-05 1.258931e-05 0.0001852085 0.0001948748 0.0001948749 0.0001948748 0.0001948747 0.0001948749 0.0001948747 0.0001948749 0.0001948748 0.0001416514 0 0 0 0 0 0 0 0 0 0 0 0 0 0 0 0 0 0
0.021662 0.02041137 0.03843581 0.05367496 0.05739466 0.05909359 0.003685427 0.003494854 0.003494854 0.003494854 0.003494854 0.003494854 0.003494854 0.003494854 0.003494854 0.003494854 0.003494854 0.003494854 0.003494854 0.003494854 0.003494854 0.003494854 0.003022009 0.0004378872 1.258933e-05 1.258933e-05 1.258933e-05 1.258933e-05 1.258933e-05 1.258933e-05 1.258933e-05 1.258933e-05 1.258933e-05 1.258932e-05 0.5129597 1.259334e-05 1.258933e-05 1.258932e-05 1.258933e-05 1.258933e-05 1.258933e-05 0.4850894 1.258931e-05 1.258931e-05 0.0001948748 0.0001948748 0.0001948749 0.0001948747 0.0001948747 0.000194875 0.0001948748 0.0001948749 0.0001948748 0.0001445686 0 0 0 0 0 0 0 0 0 0 0 0 0 0 0 0 0 0
0.03161511 0.05819134 0.05909352 0.05909352 0.05909352 0.05909352 0.003608988 0.003494851 0.003494851 0.003494851 0.003494851 0.003494851 0.003494851 0.003494851 0.003494851 0.003494851 0.003494851 0.003494851 0.003494851 0.003494851 0.003494851 0.003494851 0.003407428 0.001776309 0.0002708022 1.25893e-05 1.25893e-05 1.25893e-05 1.25893e-05 1.25893e-05 1.25893e-05 1.25893e-05 1.25893e-05 1.25893e-05 1.25893e-05 1.25893e-05 0.0983759 0.1812297 1.258931e-05 1.25893e-05 1.25893e-05 1.25893e-05 1.25893e-05 1.258931e-05 0.0001917898 0.0001948749 0.0001948748 0.0001948748 0.0001948749 0.0001948748 0.0001948748 0.0001948749 0.0001948749 0.0001884048 0.0001718158 0.0001744024 0.0001793972 0.0001794736 0.0001824751 0.0001818469 0.000181539 0.0001801649 0.0001790458 0.0001790353 0.000180597 0.0001828072 0.0001763579 0.0001754107 0.000184815 0.0001822084 0.0001807339 0.0001811198
0.1038528 0.05909359 0.05909359 0.05909359 0.05909359 0.05909359 0.003532819 0.00349485 0.2304705 0.5796781 0.00349485 0.00349485 0.00349485 0.00349485 0.00349485 0.00349485 0.00349485 0.00349485 0.00349485 0.00349485 0.00349485 0.00349485 0.00349485 0.00349485 0.003002349 0.002784816 0.0003938617 1.258931e-05 1.258931e-05 1.258931e-05 1.258931e-05 1.258931e-05 1.258931e-05 1.258931e-05 1.258931e-05 1.258931e-05 1.258932e-05 1.258931e-05 1.258931e-05 1.258931e-05 1.258931e-05 1.258931e-05 1.258931e-05 1.499309e-05 0.0001948645 0.0001948748 0.0001948748 0.0001948748 0.0001948748 0.0001948747 0.0001948748 0.0001948748 0.0001948748 0.2333414 0.0001948748 0.0001948748 0.0001948747 0.0001948748 0.0001948748 0.09187212 0.0001948748 0.0001948748 0.0001948748 0.0001948748 0.0001948748 0.0001948748 0.0001948748 0.0001948748 0.0001948748 0.0001948747 0.0001948748 0.0001948748
0.06511355 0.05909347 0.05909347 0.05909347 0.05909347 0.05909347 0.003494846 0.003494846 0.003494846 0.003494846 0.003494846 0.003494846 0.003494846 0.003494846 0.003494846 0.003494846 0.2017156 0.018586 0.003494846 0.003494846 0.003494846 0.003494846 0.003494846 0.003494846 0.003494846 0.003494846 0.003278521 0.00200553 0.0003091342 0.0001696511 0.0001680301 0.0001679142 0.0001681675 0.0001684249 0.0001692294 0.000170418 0.0001711539 0.0001722777 0.0001739344 0.0001769053 0.0001759973 0.0001799032 0.000177041 0.0001775302 0.0001948748 0.0001948746 0.0001948745 0.0001948745 0.0001948746 0.0001948746 0.0001948746 0.0001948745 0.0001948745 0.0001948749 0.0001948745 0.0001948745 0.0001948747 0.0001948745 0.0001948745 0.0001948745 0.0001948745 0.0001948745 0.0001948745 0.0001948745 0.0001948747 0.0001948749 0.0001948747 0.0001948747 0.0001948747 0.0001948747 0.0001948748 0.0001948746
0.05733538 0.05774613 0.05909357 0.05909358 0.05909358 0.05909358 0.003494853 0.003494853 0.003494853 0.003494853 0.003494853 0.003494853 0.003494853 0.003494853 0.02789613 0.003494853 0.003494853 0.003494853 0.003494853 0.003494853 0.003494853 0.003494853 0.003494853 0.003494853 0.003494853 0.003494853 0.003494853 0.003372344 0.001098548 0.000194875 0.000194875 0.000194875 0.000194875 0.000194875 0.000194875 0.000194875 0.000194875 0.000194875 0.000194875 0.000194875 0.01377453 0.0974739 0.0001948749 0.000194875 0.000194875 0.000194875 0.000194875 0.000194875 0.000194875 0.000194875 0.000194875 0.0001948749 0.000194875 0.3111589 0.000194875 0.000194875 0.0001948748 0.000194875 0.000194875 0.000194875 0.000194875 0.000194875 0.000194875 0.000194875 0.000194875 0.000194875 0.000194875 0.000194875 0.000194875 0.000194875 0.000194875 0.000194875
0.06440299 0.06355152 0.06059024 0.06008982 0.05909358 0.05909358 0.003494852 0.003494852 0.003494852 0.003494852 0.003494852 0.003494852 0.003494852 0.003494852 0.1447711 0.003494852 0.003494852 0.003494852 0.003494852 0.003494852 0.003494852 0.003494852 0.003494852 0.003494852 0.003494852 0.003494852 0.003494852 0.003494852 0.002821169 0.0003831371 0.0001948749 0.0001948749 0.0001948749 0.0001948749 0.0001948749 0.0001948749 0.0001948749 0.0001948749 0.0001948749 0.0001948749 0.0001948749 0.0001948749 0.0001948748 0.0001948749 0.0001948749 0.0001948749 0.0001948749 0.0001948749 0.0001948749 0.0001948749 0.0001948749 0.0001948748 0.0001948749 0.0001948749 0.0001948749 0.0001948749 1.527649 0.0001948749 0.0001948749 2.641317 0.0001948749 0.0001948749 0.0001948749 0.0001948749 0.0001948748 0.0001948749 0.0001948748 0.0001948748 0.0001948748 0.002217292 0.0001948748 0.000194875
0.06440306 0.06440306 0.06440303 0.06439477 0.05982395 0.05909355 0.0798619 0.003494846 0.003494846 0.003494846 0.003494846 0.003494846 0.003494846 0.003494846 0.003494846 0.2743908 0.003494846 0.003494846 0.003494846 0.003494846 0.02575643 0.7151359 0.003494846 0.003494846 0.003494846 0.003494846 0.003494846 0.003494846 0.003494846 0.002354645 0.000814837 0.0002971145 0.0001948747 0.0001948747 0.0001948746 0.0001948746 0.0001948746 0.0001948746 0.0001948746 0.0001948746 0.0001948746 0.0001948748 0.0001948747 0.0001948746 0.0001948746 0.0001948746 0.0001948746 0.0001948746 0.0001948746 0.0001948748 0.0001948746 0.0001948746 0.0001948746 0.0001948746 0.0001948747 0.0001948746 0.0001948746 0.0001948748 3.519282 23.10105 0.0001948747 0.0001948747 0.0001948747 0.0001948746 0.0001948748 0.000194875 0.2320039 0.0001948747 0.0001948747 0.0001948747 0.0001948746 0.0001948746
0.06440312 0.06440307 0.0644031 0.06440314 0.0637042 0.06329832 0.003494847 0.003494847 0.003494847 0.003494847 0.003494848 0.003494847 0.003494847 0.003494847 0.003494847 0.003494847 0.003494847 0.003494848 0.003494848 0.003494847 0.003494847 0.003494847 0.003494847 0.205101 0.003494847 0.003494847 0.003494847 0.003494847 0.003494847 0.003494847 0.003494847 0.002913785 0.0008578331 0.0001950669 0.000194875 0.0001948749 0.0001948749 0.0001948749 0.0001948749 0.0001948749 0.0001948749 0.0001948749 0.0001948749 0.0001948749 0.000194875 0.8175319 0.01979745 0.0001948749 0.0001948749 0.0001948749 0.0001948749 0.0001948748 0.0001948749 0.0001948749 0.0001948749 0.0001948749 0.0001948749 0.0001948749 0.0001948748 -9999 0.0001948748 0.0001948748 0.0001948748 0.0001948748 0.0001948749 0.0001948749 0.0001948749 0.0001948749 0.000194875 0.0001948749 0.000194875 0.0001948749
0.06757858 0.06440309 0.06440309 0.06440309 0.06440309 0.06440309 0.003494851 0.003494851 0.003494851 0.02416431 0.04113225 0.00349485 0.003494851 0.00349485 0.003494851 0.003494851 0.0536318 0.1032562 0.05368903 0.00349485 0.003494851 0.003494851 0.003494851 0.003494851 0.003494851 0.003494851 0.003494851 0.003494851 0.003494851 0.003494851 0.003494851 0.003494851 0.003494684 0.00316497 0.0002833267 0.0001948748 0.0001948748 0.0001948748 0.0001948748 0.0001948748 0.0001948748 0.01110239 0.0001948748 0.0001948748 0.0001948748 0.0001948748 0.01389593 0.0001948748 0.0001948748 0.0001948748 0.0001948748 0.0001948746 0.1474766 0.3716104 0.0001948749 0.0001948749 0.0001948748 -9999 -9999 0.0001948748 0.7246536 0.009164084 0.0001948747 0.0001948748 0.0001948748 0.0001948748 0.0001948748 0.0001948748 0.0001948748 0.0001948748 0.0001948748 0.0001948748
0.1394733 0.1130821 0.08888782 0.08198529 0.06725412 0.06440299 0.003494851 0.003494851 0.003494851 0.003494851 0.003494851 0.003494851 0.1645164 0.1622505 0.003494851 0.0102637 0.2207768 8.062806 3.112516 0.08507795 0.007655905 0.004307663 0.003494851 0.003494851 0.003494851 0.003494851 0.003494851 0.003494851 0.003494851 0.003494851 0.003494851 0.003494851 0.003494851 0.003494851 0.002365042 0.002138749 0.002373348 0.002170201 0.002745827 0.0003150151 0.000194875 0.03553635 0.0001948751 0.0001948751 0.0001948751 0.0001948748 0.0001948751 0.0001948751 0.0001948751 0.0001948751 0.0001948751 0.000194875 0.0001948749 0.02448018 0.0001948751 0.6829582 2.647644 0.0001948749 0.0001948749 0.000194875 0.1304412 0.000194875 0.000194875 0.000194875 0.000194875 0.0001948751 0.000194875 0.000194875 0.000194875 0.0001948751 0.0001948751 0.0001948751
0.1511905 0.1511905 0.1511905 0.1511905 0.1446897 0.1345726 0.07689527 0.07200119 0.08003677 0.07482392 0.00349486 0.003494858 0.003494862 0.003489834 0.003488441 0.003494861 0.01489961 0.2446805 0.4063615 0.0988943 0.004583799 0.005991324 0.1898505 0.003494858 0.003494858 0.01039992 0.004361577 0.003494868 0.003494855 0.003494858 0.6851727 0.003494861 0.003494863 0.00349486 0.003494864 0.003494872 0.003494876 0.003494864 0.003494868 0.002619656 0.0003310272 0.3071656 0.0001949197 0.0001949075 0.0001949145 0.04216766 0.0001949029 0.0001949253 0.000195342 0.0001952252 0.0001951085 0.0001952264 0.0001952473 0.0001953064 0.0001951392 0.009585849 0.0001952222 0.0001949336 0.0001949208 0.0001949184 0.0001949433 0.0001949184 0.0001949014 1.065151 0.4168356 0.0001977403 0.0001970688 0.0001969364 0.0001948882 0.0001948879 0.0001948898 0.0001948878
0.1511904 -9999 -9999 -9999 0.1511904 0.1511904 0.1378947 0.1378947 0.1378948 0.1375679 0.1052044 0.0300462 0.006765383 0.006765386 0.006765383 0.09277322 0.2069113 0.4481386 0.006765385 0.006765385 0.02089061 0.006765386 0.006765386 0.006765386 0.006765386 0.006765384 0.006765386 0.006765384 0.006765386 0.006765386 0.0068283 0.07664924 0.008537978 0.01132115 0.01134699 0.01134698 0.01134698 0.01134698 0.01134698 0.01134698 0.01134698 0.01134698 0.01134698 0.01134698 0.01134698 0.01134698 0.01134698 0.01134716 0.1161136 0.1161147 0.1161148 0.1161147 0.1161147 0.1161147 0.1161147 0.1161147 0.103422 0.01752282 0.01752282 0.01752281 0.01752282 0.01752282 0.01752281 0.1256729 0.3147444 0.8400837 0.8702095 0.8707129 0.005414103 0.00540283 0.005402836 0.005402833
-9999 -9999 -9999 -9999 -9999 -9999 -9999 -9999 0.1378948 0.1378948 0.1378948 0.1366872 0.06663983 0.01229603 0.05957674 0.3945845 0.638224 0.7619462 0.2163408 0.008781339 0.04205683 0.006765391 0.006765391 0.006765391 0.006765391 0.006765391 0.006765391 0.006765391 0.006765391 0.05611706 0.006765391 0.006765391 0.006765391 0.008949215 0.01127956 0.01134699 0.011347 0.011347 0.011347 0.01134699 0.011347 0.01134699 0.01134699 0.01134699 0.01134699 0.01134699 0.01134699 0.01134732 0.1161142 0.116115 0.116115 0.116115 0.3663209 0.116115 0.116115 0.116115 0.1156084 0.111105 0.11115 0.1113252 0.01752287 0.01752282 0.01752283 0.01752282 0.0187975 0.7886804 0.8709845 0.8709812 0.005419935 0.005402834 0.005402836 0.005402836
-9999 -9999 -9999 -9999 -9999 -9999 -9999 -9999 -9999 -9999 -9999 0.1378948 0.1378948 0.1373007 0.1378949 0.1378948 0.2211806 0.9559456 3.601375 2.089417 0.439155 0.006765381 0.006765381 0.006765381 0.006765381 0.006765381 0.006765381 0.006765381 0.006765381 0.006765381 0.006765381 0.006765381 0.006765381 0.006765381 0.009598411 0.01091502 0.01134697 0.01134697 0.01134697 0.01134697 0.01134697 0.01134697 2.925349 0.0623218 0.01134697 0.01134697 0.01134697 0.01134719 0.1161139 0.5770259 0.7492191 0.1161148 0.1161148 1.773595 0.1298373 0.1161148 0.1161148 0.4192231 0.1365925 0.2085834 0.01752295 0.01752284 0.01752283 0.01752283 0.01752283 0.4901278 0.7024022 0.8709784 0.005411251 0.005402836 0.005402836 0.005402835
-9999 -9999 -9999 -9999 -9999 -9999 -9999 -9999 -9999 -9999 -9999 -9999 -9999 0.1378948 0.1378948 0.1378948 0.1381983 0.4091442 18.13742 11.83369 1.421718 0.5436038 0.006760843 0.006764584 0.006764594 0.006759809 0.0067544 0.06209015 0.0067654 0.0067654 0.0067654 0.0067654 0.0067654 0.0067654 0.0067654 0.006899995 0.007939187 0.01082984 0.01076819 0.01142509 0.01138725 0.01138539 0.07079452 0.01135183 0.0151979 0.01139016 0.01388289 0.01142152 0.1379153 0.5136021 0.1380143 0.1379365 0.1382753 0.7976533 0.2439306 0.2001194 0.2704621 0.3393559 0.6419946 0.4229243 0.154951 0.1529996 0.1513135 0.1679516 0.2015622 0.7802222 0.8322193 0.8709815 0.005413023 0.005402837 0.005402837 0.005402837
-9999 -9999 -9999 -9999 -9999 -9999 -9999 -9999 -9999 -9999 -9999 -9999 -9999 -9999 0.1378948 0.2891254 0.4492427 0.3283358 0.2033093 0.1148081 0.6180738 0.1274028 0.06570826 0.005816524 0.005816823 0.1260022 0.005816526 0.005816299 0.1452575 0.005817789 0.00676539 0.00676539 0.00676539 0.01684727 0.07382543 0.09366337 0.09768314 0.1098354 0.110915 0.1114666 0.1114666 0.1114666 0.1114666 0.1114377 0.1114666 0.1114658 0.1114666 0.111448 0.2529855 0.2529864 0.2529864 0.2529864 0.2529864 0.2340223 0.1179929 0.1161148 0.1161148 0.2453748 0.1161148 0.1161205 0.8709838 0.8709838 0.8700076 0.8685342 0.8709838 0.8661754 0.8709838 0.8709809 0.005413764 0.005402839 0.005402839 0.005402839
-9999 -9999 -9999 -9999 -9999 -9999 -9999 -9999 -9999 -9999 -9999 -9999 -9999 -9999 -9999 -9999 0.4926956 5.299908 0.3734379 0.1150085 0.1342581 0.1238745 0.1382623 0.03700132 0.005816516 0.00581652 0.005816516 0.005816516 0.005816516 0.005818745 0.006691341 0.006765391 0.02142336 0.1020589 0.1114665 0.1114665 0.2379146 0.1114665 0.1114665 0.1114665 0.1114665 0.1114665 0.1114665 0.1114665 0.1114665 0.1114665 0.1114665 0.1114669 0.2315527 0.2315387 0.2315278 0.2385094 0.2529862 0.221789 0.121982 0.1219775 0.1219657 0.1219606 0.1196979 0.1195586 0.2971863 0.3208907 0.6301333 0.8659965 1.198802 0.8709844 0.8709844 0.8709812 0.005412012 0.005402829 0.005402829 0.005402831
-9999 -9999 -9999 -9999 -9999 -9999 -9999 -9999 -9999 -9999 -9999 -9999 -9999 -9999 -9999 -9999 0.4926955 0.4926956 0.4926954 0.1455416 0.1455416 0.1455416 3.648868 0.2939496 0.1487151 0.02494485 0.005816523 0.005816523 0.005816521 0.005816521 0.005925176 0.006352243 0.01319956 0.07363677 0.06840745 0.08870568 0.1114666 0.1114666 0.1111318 0.1114666 0.1114666 0.1114666 0.1114666 0.1114666 0.1338201 0.2256289 0.1299545 0.1594516 0.224966 0.2249666 0.232221 0.2337777 1.149233 0.2015276 0.1837266 0.1523763 0.1237821 0.1223473 0.1207464 0.1206234 0.1206234 0.1206234 0.4567774 0.8709853 0.8709853 0.8668662 0.8697854 0.8709816 0.04812597 0.6623298 0.005402836 0.00540284
-9999 -9999 -9999 -9999 -9999 -9999 -9999 -9999 -9999 -9999 -9999 -9999 -9999 -9999 -9999 -9999 -9999 0.4926955 0.4842579 0.1455416 0.3661377 0.5887991 0.4994308 0.4825037 0.4436369 0.2991993 0.01291998 0.543062 0.1254973 0.005816529 0.01100556 0.01185546 0.006748978 0.006765387 0.006765384 0.02150272 0.07469948 0.05708242 0.07449885 0.1101282 0.1212371 0.1190257 0.1540185 0.3066431 0.3511811 0.2038507 9.07569 0.1535653 0.3482495 0.425833 0.8962822 3.147411 3.638626 5.644317 0.1941359 0.3173661 0.1534615 0.1237821 0.1209655 0.1206235 0.2517278 0.1206235 0.2836208 0.8709841 0.8709841 1.035212 0.8709841 0.8709785 0.005268749 1.119954 0.3869533 0.005402833
-9999 -9999 -9999 -9999 -9999 -9999 -9999 -9999 -9999 -9999 -9999 -9999 -9999 -9999 -9999 -9999 -9999 -9999 -9999 0.1455416 0.6145752 0.6261587 0.6330776 0.3942661 0.1181775 0.06513568 0.01724594 0.03561531 0.1604166 0.00581652 0.05879209 0.2334633 0.3136647 0.351368 0.2835002 0.1926988 0.1841937 0.1841938 0.1841938 0.1463962 0.2722484 0.3261639 0.3113495 0.4049912 2.150245 0.3106822 0.3106822 6.883833 0.6015428 0.7419424 2.353459 1.018039 0.8071395 2.386695 1.192822 0.5464013 0.8154281 0.3197211 0.2293222 0.1978298 0.9632745 0.1295071 0.386571 0.8229983 0.8235678 0.8617892 1.102731 0.8709796 0.005415795 0.2284465 0.586779 0.5761284
-9999 -9999 -9999 -9999 -9999 -9999 -9999 -9999 -9999 -9999 -9999 -9999 -9999 -9999 -9999 -9999 -9999 -9999 -9999 -9999 0.5387855 0.5387855 0.5437112 0.5411159 23.22571 0.9990812 0.01554219 0.01403265 0.3467206 0.5305973 0.05462919 0.6026027 1.824133 0.5249744 0.3918951 0.3507847 0.3235137 0.1841844 0.184194 0.184194 0.23905 3.420822 0.3396634 0.324145 0.3714844 1.205359 0.5808757 0.3106901 3.714785 5.371478 26.19206 1.218044 0.3251248 1.659931 0.7699246 2.491715 1.009986 0.9048697 5.33681 0.3113145 0.2960774 0.2514625 0.7430763 0.960782 0.8102704 0.8264785 0.8371723 0.8374597 0.005415384 0.005402837 0.005402837 0.7100495
-9999 -9999 -9999 -9999 -9999 -9999 -9999 -9999 -9999 -9999 -9999 -9999 -9999 -9999 -9999 -9999 -9999 -9999 -9999 -9999 0.5387856 0.5387856 0.5387856 0.5387857 0.5119619 0.01518613 0.01411644 0.3088406 0.168873 0.4990096 6.875016 0.7211161 0.5131447 4.049758 0.3536397 0.536432 0.1862795 0.2748161 0.4657854 0.2236586 0.3034504 0.3823065 0.3483399 0.3483399 0.3393197 0.6777181 0.4772865 0.3106826 0.4538462 0.1518723 0.1451036 0.1451036 0.1451036 0.1451036 0.1949912 0.246644 0.4715775 1.810359 0.4561852 0.6054644 1.143499 2.616411 1.813559 1.122637 2.693264 0.8212434 0.8212434 0.8460807 0.06545097 0.005408902 0.04722208 0.2457535
-9999 -9999 -9999 -9999 -9999 -9999 -9999 -9999 -9999 -9999 -9999 -9999 -9999 -9999 -9999 -9999 -9999 -9999 -9999 -9999 -9999 0.1631577 0.1631577 6.573241 0.1631577 -9999 0.01141143 10.23476 0.06065577 0.5555676 3.65218 0.2885285 0.5804082 0.3488012 2.415482 0.2488465 1.558706 0.3726295 1.06933 2.944489 0.9890229 0.3480726 5.372589 0.3483395 0.3483395 0.3476125 0.3380479 0.3159958 0.1442778 0.1448731 0.1451035 0.1451035 0.1519606 0.1542446 1.34771 0.3635769 5.185825 1.018287 1.909424 4.975203 5.410573 2.020103 1.76785 2.036416 2.540244 1.605247 4.718972 6.46051 1.069685 1.19102 0.5755206 4.011461
-9999 -9999 -9999 -9999 -9999 -9999 -9999 -9999 -9999 -9999 -9999 -9999 -9999 -9999 -9999 -9999 -9999 -9999 -9999 -9999 -9999 0.1631577 0.1631577 0.3756942 0.1631577 -9999 0.01141143 0.2780357 0.01141143 0.06620844 3.08117 0.01047187 0.2385786 0.2305252 0.1951574 0.1986882 0.2568891 0.1899782 0.1863434 0.4961729 0.4752318 0.3154802 33.12353 0.3483401 0.3483401 0.2966155 0.1821865 0.2185124 0.04082569 2.219931 0.08456478 0.223726 0.3888046 0.4000751 0.5950162 4.100264 0.4318071 2.739034 6.276481 11.15841 174.2496 193.6086 10.57963 4.152047 2.578757 4.704422 2.711476 2.106168 1.780418 1.293261 0.7403808 0.4597498
-9999 -9999 -9999 -9999 -9999 -9999 -9999 -9999 -9999 -9999 -9999 -9999 -9999 -9999 -9999 -9999 -9999 -9999 -9999 -9999 -9999 -9999 0.1631577 0.1631662 1.066151 -9999 0.01141143 0.01141143 0.01129077 0.1164431 0.01044704 0.01044704 0.01196767 0.09320468 0.1857888 0.1920459 0.1940755 0.1971521 0.593224 0.6589658 0.6794268 0.5936275 1.498779 1.063682 0.6565927 0.6309149 0.4082389 0.519119 0.118264 0.06977668 0.03527582 0.251337 5.509476 0.4027017 0.4028114 0.4028114 0.7810866 2.47589 10.39624 8.924555 108.1144 95.20875 14.80046 3.935225 2.48653 1.774114 3.716611 9.478875 6.221876 1.452028 1.610958 1.701492
