Downloaded_Data/glds05ag30.asc
ncols         720
nrows         286
xllcorner     -180
yllcorner     -58
cellsize      0.5000000000004
NODATA_value  -9999
[rows 32 to 63 of 286, columns 504 to 575 of 720]
0.07037227 0.07037223 0.07037228 0.07037224 0.1598301 0.1598302 0.1636878 0.1713588 0.2464085 0.280955 0.1758733 0.08084387 0.0808439 0.0808439 0.0808439 0.0808439 0.0808439 0.0808439 0.0808439 0.0808439 0.0808439 0.06088085 0.03764421 0.02959109 0.04825667 0.125365 0.1406569 0.1406569 0.1406569 0.1406569 0.1406569 0.1406569 0.1406569 0.1406569 0.1406569 0.1406569 0.1406569 0.1406569 0.1406569 0.1406569 0.140657 0.1406569 0.1319627 0.1128632 0.0314431 0.01158596 0.01075981 0.01075981 0.01075981 0.01075981 0.01075981 0.01075981 0.01075981 0.01075981 0.01075981 0.01075981 0.01075981 0.01075981 0.01075981 0.01075981 0.01075981 0.01075981 0.01075981 0.01075981 0.01075981 0.01075981 0.01075981 0.01075981 0.01075981 0.009842244 0.008005782 0.008005782
0.07037219 0.07037219 0.07037222 0.07037223 0.1598301 0.1598301 0.182356 0.2680241 0.2799267 0.2809552 0.2758232 0.0808439 0.08084384 0.08084382 0.08084382 0.08084382 0.08084382 0.08084382 0.08084382 0.08084382 0.0809984 0.09911162 0.13049 0.1406568 0.1406568 0.1406568 0.1406568 0.1752775 0.2597017 0.1406568 0.1406568 0.1406569 0.1406569 0.140657 0.1406569 0.1406569 0.1406569 0.1406569 0.140657 0.1406569 0.1402534 0.0967879 0.04307606 0.05262469 0.01387125 0.0107598 0.0107598 0.0107598 0.0107598 0.0107598 0.0107598 0.0107598 0.0107598 0.0107598 0.0107598 0.0107598 0.0107598 0.0107598 0.0107598 0.0107598 0.0107598 0.0107598 0.0107598 0.0107598 0.0107598 0.0107598 0.0107598 0.0107598 0.0107598 0.009932786 0.008005769 0.008005769
0.07037224 0.07037218 0.07037225 -9999 0.1598301 0.1598301 0.1598302 0.1598316 0.1674887 0.1936093 0.2104722 0.1151508 0.09520067 0.08084385 0.08084384 0.08084387 0.08084387 0.08084387 0.08084387 0.08120029 0.0889233 0.09462141 0.1006221 0.1220284 0.1394006 0.1406569 0.5659238 1.338226 1.343028 0.8883913 0.2232534 0.1406569 0.1406569 0.1406569 0.1406569 0.1406569 0.1406569 0.1406569 0.1406569 0.1097452 0.03482737 0.01075979 0.01075979 0.01075979 0.01075979 0.01075979 0.01075979 0.01075979 0.01075979 0.01075979 0.01075979 0.01075979 0.01075979 0.01075979 0.01075979 0.01075979 0.01075979 0.01075979 0.01075979 0.01075979 0.01075979 0.01075979 0.01075979 0.01075979 0.01075979 0.01075979 0.01075979 0.01075979 0.01075979 0.009673607 0.008005781 0.008005781
0.07037222 0.07037225 -9999 0.1598301 0.1598301 0.15983 0.15983 0.1603261 0.1990575 0.2650357 0.2780962 0.2809549 0.1931587 0.08120193 0.08084393 0.08084386 0.08084392 0.0808439 0.0808439 0.0808439 0.08408295 0.09397177 0.09462147 0.09462146 0.0994264 0.1144376 0.5464101 1.343304 1.343303 1.343304 1.222764 0.9652075 0.5700749 0.1808582 0.09937321 0.1001316 0.1045357 0.09025987 0.04066145 0.01101237 0.0107598 0.01075979 0.01075979 0.01075979 0.01075979 0.01075979 0.01075979 0.01075979 0.01075979 0.01075979 0.01075979 0.01075979 0.01075979 0.01075979 0.01075979 0.01075979 0.01075979 0.01075979 0.01075979 0.01075979 0.01075979 0.01075979 0.01075979 0.01075979 0.01075979 0.01075979 0.01075979 0.01046504 0.009757979 0.008659197 0.008005771 0.008005771
0.1598301 0.1598302 0.1598302 0.1598302 0.1598302 0.1598302 0.1598302 0.2054002 0.2809549 0.2809549 0.2809549 0.2809549 0.2806975 0.2513342 0.1723694 0.08084397 0.08084397 0.08084397 0.08084397 0.06837696 0.05225461 0.05181602 0.07987567 0.09462146 0.09462146 0.09462146 0.09626867 1.158236 1.343303 1.343304 1.248316 0.1369367 0.09462145 0.09462146 0.09462146 0.08657113 0.04176637 0.0116929 0.01075981 0.01075981 0.0107598 0.01075981 0.01075981 0.01075981 0.0107598 0.01075981 0.0107598 0.01075981 0.01075981 0.01075981 0.01075981 0.01075981 0.01075981 0.01075981 0.01075981 0.01075981 0.01075981 0.01075981 0.01075981 0.01075981 0.01075981 0.01075981 0.01075981 0.01075981 0.01075981 0.01075981 0.01075367 0.01028364 0.03463109 0.02397403 0.04849797 0.05398781
0.1579085 0.15983 0.15983 0.15983 0.15983 0.15983 0.15983 0.1829669 0.233844 47.32877 0.2809552 0.2809552 0.2809552 0.2809552 0.2537808 0.09498594 0.04901437 0.04940659 0.05101589 0.04797915 0.04751441 0.04751441 0.05569021 0.09146941 0.09462136 0.09462136 0.09462136 0.1733088 0.592909 0.7773529 0.3003847 0.09462138 0.09462135 0.08766533 0.0289833 0.02329752 0.01075981 0.01075981 0.01075981 0.01075981 0.01075981 0.01075981 0.01075981 0.01075981 0.01075981 0.01075981 0.01075981 0.01075981 0.01075981 0.01075981 0.01075981 0.01075981 0.01075981 0.01075981 0.01075981 0.01075981 0.01075981 0.01075981 0.01075981 0.01075981 0.01075981 0.01075981 0.01075981 0.01075981 0.01075981 0.01075981 0.01075981 0.01075981 0.1000204 0.188778 0.188778 0.188778
16.07703 7.614183 0.1598303 0.1598303 0.1598303 0.1598303 0.1734178 0.2283246 0.267194 0.2809551 0.2809551 0.2809551 0.2809551 0.2809551 0.2797941 0.1822906 0.05690444 0.04751445 0.04751445 0.04751445 0.04751445 0.04751445 0.04751445 0.06510454 0.07880122 0.09445047 0.09462155 0.09462155 0.09462155 0.09462155 0.09462155 0.09462155 0.09462155 0.04314693 0.0107598 0.0107598 0.0107598 0.0107598 0.0107598 0.0107598 0.0107598 0.0107598 0.0107598 0.0107598 0.0107598 0.0107598 0.0107598 0.0107598 0.0107598 0.0107598 0.0107598 0.0107598 0.0107598 0.0107598 0.0107598 0.0107598 0.0107598 0.0107598 0.0107598 0.0107598 0.0107598 0.0107598 0.0107598 0.0107598 0.0107598 0.0107598 0.0107598 0.0107598 0.02315193 0.1547599 0.188778 0.188778
0.1598303 0.1598303 0.1598303 0.1598303 0.1598303 0.1598303 0.1704799 0.2357286 0.2808231 0.280955 0.280955 0.280955 0.280955 0.280955 0.2782644 0.1959565 0.08892043 0.04751447 0.04751447 0.04751447 0.04751447 0.04751447 0.04751447 0.04751447 0.05129701 0.09321455 0.09462161 0.09462161 0.09462161 0.09462161 0.09462161 0.09462155 0.09462162 0.09138497 0.05440704 0.01075982 0.01075982 0.01075982 0.01075982 0.01075982 0.01075982 0.01075982 0.01075982 0.01075982 0.01075982 0.01075982 0.01075982 0.01075982 0.01075982 0.01075982 0.01075982 0.01075982 0.01075982 0.01075982 0.01075982 0.01075982 0.01075982 0.01075982 0.01075982 0.01075982 0.01075982 0.01075982 0.01075982 0.01075982 0.01075982 0.01075982 0.01075982 0.01122385 0.06722775 0.1589597 0.1887784 0.1887784
0.1598302 0.1598302 0.1598302 0.1598302 0.1598302 0.1598302 0.1776919 0.2592351 0.280955 0.280955 0.280955 0.280955 0.280955 0.280955 0.280955 0.2277836 0.04751441 0.04751441 0.04751441 0.04751441 0.04751441 0.04751441 0.04751441 0.04751441 0.04840854 0.05059126 0.06324385 0.07234113 0.09462148 0.09462148 0.09462147 0.09462147 0.09462148 0.09462148 0.0695923 0.04840664 0.02611783 0.01307816 0.0107598 0.01075981 0.01075981 0.01075981 0.01075981 0.01075981 0.01075981 0.01075981 0.01075981 0.01075981 0.01075981 0.01075981 0.01075981 0.01075981 0.01075981 0.01075981 0.01075981 0.01075981 0.01075981 0.01075981 0.01075981 0.01075981 0.01075981 0.01075981 0.01075981 0.01075981 0.01075981 0.01075981 0.01075981 0.06275748 0.1827605 0.1887738 0.1887781 0.1887781
0.15983 0.15983 0.15983 0.15983 0.1874657 0.2653843 0.2808324 0.2809552 0.2809552 0.2809552 0.2809552 0.2809552 0.2809552 0.2809552 0.2672251 0.09019855 0.04751443 0.04751443 0.04751442 0.04751443 0.04751443 0.04751443 0.04751443 0.04751443 0.04751443 0.04751443 0.04751443 0.05559102 0.09462153 0.09462153 0.09462153 0.09462151 0.09462153 0.09462153 0.09462153 0.09462153 0.09462153 0.08767997 0.06876777 0.06105382 0.01081387 0.0107598 0.0107598 0.0107598 0.0107598 0.0107598 0.0107598 0.0107598 0.0107598 0.0107598 0.0107598 0.0107598 0.0107598 0.0107598 0.0107598 0.0107598 0.0107598 0.0107598 0.0107598 0.0107598 0.0107598 0.0107598 0.0107598 0.0107598 0.0107598 0.0107598 0.0107598 0.01691242 0.03061984 0.03008443 0.08317482 0.1001321
0.15983 0.15983 0.1690054 0.2283201 0.2781311 12.29739 0.2809547 0.2809547 0.2809547 0.2809547 0.2809547 0.2809547 0.2809547 0.2809547 0.2764812 0.1320769 0.04751442 0.04751442 0.04751442 0.04751442 0.04751442 0.04751442 0.04751442 0.04751442 0.04751442 0.04751442 0.06378086 0.09181106 0.09462141 0.09462141 0.09462149 0.09462146 0.09462141 0.09462141 0.09462141 0.09462141 0.09462141 0.09462141 0.09462141 0.09276548 0.03814898 0.02918169 0.03392889 0.02042267 0.01075978 0.01075978 0.01075978 0.01075978 0.01075978 0.01075978 0.01075978 0.01075978 0.01075978 0.01075978 0.01075978 0.01075978 0.01075978 0.01075978 0.01075978 0.01075978 0.01075978 0.01075978 0.01075978 0.01075978 0.01075978 0.01075978 0.01075978 0.01075978 0.01075978 0.04450934 0.05010523 0.05897628
0.6198237 0.7389635 0.7169678 0.5575542 0.5008835 0.3401362 41.10329 0.4508372 0.3606203 0.2812834 0.2809553 0.2809553 0.2809553 0.2809553 0.2764704 0.1951665 0.2042206 0.1665842 0.05237818 0.04751444 0.04751444 0.04751444 0.04751444 0.04751444 0.04751444 0.04751444 0.04791515 0.08214739 0.09462152 0.09462152 0.09462154 0.09462156 0.09462153 0.09462152 0.09462153 0.09462152 0.09462152 0.09462152 0.09462152 0.07152026 0.05157353 0.05157353 0.05157353 0.03864141 0.03274316 0.03010057 0.01894523 0.0117318 0.01075981 0.01075981 0.01075981 0.01075981 0.01075981 0.01075981 0.01075981 0.0133175 0.01920765 0.01736989 0.02142227 0.01701502 0.01796306 0.01556238 0.01075981 0.01075981 0.01075981 0.01075981 0.01075981 0.01075981 0.01706325 0.05544458 0.05930588 0.05930588
0.9457001 0.9457001 0.9457001 0.9457001 0.9457001 0.9457001 0.9457001 0.9457001 0.9457001 0.3923521 0.3135008 0.2935772 0.2828732 0.2901707 0.291433 0.2940378 0.3123514 0.3276393 0.2986163 0.1931035 0.2035183 0.1924133 0.06943264 0.05016077 0.04751442 0.04759474 0.06815762 0.09366127 0.09462154 0.09462154 0.09462154 0.09462154 0.09462154 0.09462152 0.09462154 0.09462154 0.09462154 0.09197643 0.07485528 0.0562791 0.05157351 0.05157351 0.05157351 0.05157351 0.05157351 0.05157351 0.05153704 0.04842715 0.0290688 0.03688745 0.04659726 0.04824445 0.03078268 0.02861839 0.02792499 0.05028645 0.04407423 0.03956486 0.03956486 0.03956486 0.03956486 0.03321351 0.0288803 0.02587638 0.02390537 0.01144919 0.01075979 0.01075979 0.02762083 0.05867915 0.05930585 0.05930585
0.9457008 0.9457008 0.945701 0.9457008 0.9457008 41.56601 0.9284035 0.9320446 0.7590325 0.3291778 0.3281906 39.51955 0.3278613 0.3281906 0.3281906 0.3281906 0.3281906 0.3281906 0.3281906 0.3281906 0.3281906 0.3281906 0.3193583 0.3231775 0.2422319 0.1049158 0.09462146 0.09462146 0.09462146 0.09462146 0.09462146 0.09462146 0.09462146 0.09462148 0.0946215 0.09462146 0.08470476 0.05478659 0.0515735 0.0515735 0.0515735 0.0515735 0.0515735 0.0515735 0.0515735 0.0515735 0.0515735 0.0515735 0.0515735 0.0515735 0.0515735 0.0515735 0.0515735 0.0515735 0.0515735 0.04631762 0.04175264 0.03956488 0.03956488 0.03956488 0.03956488 0.03956488 0.03956488 0.03956488 0.03956488 0.02444016 0.01075981 0.01075981 0.01990741 0.05689082 0.05930585 0.05930585
0.9457002 0.9457002 0.9457003 0.9457005 0.9457002 0.6795797 11.51092 0.3281905 0.3281905 0.3281905 0.3281905 0.3281905 0.3281905 0.3281905 0.3281905 0.3281905 0.3281905 0.3281905 0.3281905 0.3281905 0.3281905 0.3281905 0.3281905 0.3281905 0.3281905 0.2738128 0.2005174 0.1481388 0.09462151 0.09462151 0.09462151 0.09462151 0.09462151 0.09462151 0.09462151 0.09462153 0.09462148 0.07714637 0.0515735 0.05157351 0.0515735 0.05157351 0.0515735 0.05157351 0.05157351 0.05157351 0.05157351 0.05157351 0.05157351 0.05157351 0.05157351 0.05157351 0.05157351 0.05157351 0.051017 0.04050696 0.03956484 0.03956484 0.03956484 0.03956484 0.03956484 0.03956484 0.03956484 0.03956484 0.03956484 0.02879974 0.01106076 0.02628973 0.05648818 0.05930583 0.05930583 0.05930583
1.057815 78.61744 122.7078 91.13504 0.9457004 0.8135987 25.46282 0.3281903 6.205443 0.3281904 0.3281903 0.3281903 0.3281903 0.3281903 0.3281903 0.3281903 0.3281903 0.3281903 0.3281903 0.3281903 0.3281903 0.3281903 0.3294654 0.3282989 0.3281903 0.3294004 0.3399083 0.3533566 0.2999851 0.2809189 0.2801019 0.2208179 0.2362882 0.1069337 0.09462152 0.09462143 0.09462151 0.0800657 0.05238682 0.0515735 0.06331463 0.2114908 0.1896196 0.06620603 0.08432937 0.1359921 0.06402894 0.0515735 0.0515735 0.0515735 0.0515735 0.0515735 0.0515735 0.0515735 0.05086773 0.0405183 0.03956486 0.03956486 0.03956486 0.03956486 0.03956486 0.03956486 0.03956486 0.03956486 0.03900304 0.03478537 0.05444105 0.0593058 0.0593058 0.0593058 0.0593058 0.0593058
1.281704 31.4607 1.947166 0.9456992 0.9456992 0.7185353 0.4103065 0.3281903 33.40947 196.304 0.3443238 0.3519652 0.3504634 0.3525101 0.3517072 0.3433876 0.3466823 0.3499761 0.3433011 0.3427441 0.338901 0.3585886 0.3845398 0.3847245 0.3738676 0.3706749 0.3716619 0.3716619 0.3716619 0.3716619 0.3716619 0.3716619 0.3716619 0.3197212 0.2112348 0.2227431 0.2265244 0.2367045 0.2319909 0.2139333 0.3194147 0.3868693 0.3868693 0.3868689 0.3864159 0.3868693 0.2715434 0.05157346 0.05157346 0.05157346 0.05157346 0.05157346 0.05157346 0.05157346 0.05075474 0.04849543 0.04864528 0.04005211 0.03956484 0.03956484 0.03956484 0.03956484 0.03956484 0.03956484 0.03956484 0.05681297 0.05930582 0.05930582 0.05930582 0.05930582 0.05930582 0.05930582
1.281704 1.278583 1.114086 0.9456995 0.9456995 0.9188491 0.4574586 0.3302563 0.3281901 0.3428857 0.3674298 0.3676004 33.40958 0.3676004 0.3676004 0.3676004 0.3676004 0.3676004 0.3720618 0.3856934 0.3890364 0.3890364 0.3890364 0.3890364 0.3890364 0.379265 0.3716618 0.3716618 0.3716618 0.3716618 0.3716618 0.3716618 0.3716618 0.3716618 0.3716618 0.3716618 0.3716619 0.371662 0.3716618 0.382385 0.3868694 0.3868694 0.3868694 0.3868694 0.3868694 0.3865917 0.1021992 0.05157349 0.05157349 0.05157349 0.05157349 0.05157349 0.05157349 0.05157349 0.1105984 0.1904804 0.04561568 0.0395648 0.0395648 0.0395648 0.0395648 0.0395648 0.0395648 0.0395648 0.0395648 0.04271293 0.0483172 0.0585063 0.05930586 0.05930586 0.05930586 0.05930586
1.245109 1.217129 0.9456996 0.9456996 0.9456996 0.9456996 0.9456996 0.8728219 0.6691433 0.4040227 0.3676003 0.3676003 0.3676003 0.3676003 0.3676003 0.3676003 0.371447 0.3800443 0.3887827 0.3890363 0.3890363 0.4020404 0.4458905 0.4643677 0.54966 0.6287756 0.6408139 0.6426977 0.6445813 0.6464648 0.5396619 0.3786841 0.3716621 0.3716621 0.3716621 0.3716621 0.3716621 0.3716623 0.3726877 0.3851407 0.3868693 0.3868693 0.3868693 0.3868693 0.3868693 0.3868693 0.3827359 0.2592126 0.1393393 0.05157347 0.2144693 0.5292861 0.554211 0.5834904 0.9777031 1.080037 0.8940015 0.6188857 0.5629981 0.4537716 0.2539529 0.05716452 0.03956481 0.03956481 0.03956481 0.04119506 0.05372822 0.05918393 0.0593058 0.0593058 0.0593058 0.0593058
0.5342468 0.8532882 0.9457 0.9457 0.9457 0.9457 0.9457 0.7039387 0.4169602 0.3885006 0.383175 0.3824784 0.3828972 0.381187 0.3760077 0.3788698 0.3890302 0.3890366 0.3890366 0.3964937 0.4263559 0.5261791 0.6440198 0.9785374 0.826668 0.7082979 0.7082979 0.7082979 0.7082979 0.7082979 0.7082979 0.6472798 0.5733029 0.4420269 0.3716623 0.3716623 0.3716623 0.3716623 0.3716625 0.3727738 0.3838016 0.3868694 0.3868694 0.3868694 0.6129495 1.005109 1.358756 1.130043 1.070174 1.035443 1.086784 1.093704 1.093704 1.093704 1.087954 1.08687 1.060231 1.053121 1.053121 1.053121 1.027735 0.3929443 0.2634733 0.03956485 0.03956485 0.03956485 0.05199601 0.05930587 0.05930587 0.05930587 0.05930587 0.05930587
0.4209878 0.4216665 0.5694909 0.6198853 0.6676322 0.7154425 0.7661561 0.4504368 0.3890367 0.3890367 0.3890367 0.3890367 0.3890367 0.3890367 0.3890367 0.3906593 0.4025249 0.4396635 0.5211967 0.5570344 0.7371885 1.559985 1.824206 1.840046 0.973184 0.7082974 0.7082974 0.7082974 0.7082974 0.7082974 0.7082974 0.7082974 0.5657167 0.3920154 0.371662 0.371662 0.371662 0.371662 0.371662 0.3716619 0.3751388 0.3820352 0.581951 0.9951892 1.363388 1.426405 1.412711 1.093703 1.093703 1.093703 1.093703 1.093703 1.093491 1.076235 1.058709 1.053121 1.053121 1.05312 1.05312 1.05312 0.9744236 0.688006 0.6805997 0.5834235 0.3343451 0.1565533 0.05919511 0.05930585 0.05930585 0.05930585 0.09509396 0.2978013
0.6316238 0.4652711 0.7947713 0.8990563 0.9125656 1.309904 0.9338511 0.3890369 0.3890369 0.3890369 0.3890369 0.4009624 0.435614 0.4633086 0.4538324 0.4704842 0.5585341 0.5585341 1.193232 1.642002 1.998374 23.31343 1.884007 1.807635 1.314691 1.346832 1.399217 1.156997 1.89438 1.843222 1.703371 1.110836 0.5606792 0.4415529 0.3758584 0.3716622 0.3716622 0.3716622 0.3716622 0.3716622 55.28477 8.587263 0.9033824 1.426406 1.426407 1.426407 1.417128 1.132089 1.093704 1.093704 1.093704 1.093704 1.093704 1.093704 1.08517 1.146653 1.075939 1.05312 0.944636 0.7924781 0.6877133 65.55379 0.6814498 0.6814498 0.6814498 0.3776261 0.05930578 0.1094356 0.1871077 0.2372378 0.4250582 0.6249511
1.937716 1.927018 1.937641 2.458215 1.612579 1.595372 1.594898 0.9179323 0.3890369 0.3890369 0.3890369 0.4059718 0.5499774 0.5585338 0.5585338 0.5585338 0.5585338 0.7359009 1.043355 2.845312 3.22153 3.192047 3.384262 3.84709 4.058896 4.213624 4.178195 5.794477 2.042024 2.042024 1.947325 1.018779 0.9891895 0.9891895 1.011073 1.06286 1.318449 0.7457997 1.037813 1.280548 1.791883 2.074214 2.714738 2.799629 2.00286 1.777149 1.688719 1.236672 1.160513 1.093703 1.093703 1.099989 1.11403 1.109505 1.441155 1.750181 1.500442 1.021861 0.6895007 0.6814505 0.6814501 0.8894922 0.8107357 2.450273 1.841038 0.4818887 0.2516995 0.4143256 0.5092454 0.5092454 0.5754853 0.6249508
1.403388 1.442686 2.10477 4.141627 2.259021 1.653023 2.153974 2.321136 1.294252 1.034528 0.9771628 0.9197671 0.8371373 0.6050566 0.5623811 0.5670123 0.7284033 0.8484578 0.8487791 0.8524823 1.229704 0.9158883 4.075541 5.968304 6.28535 7.299647 6.737694 26.05115 2.01385 1.908474 1.339908 1.397665 1.577996 1.384259 1.347101 1.408318 1.510452 1.510452 1.578026 1.865269 2.651584 3.465623 3.611819 3.330986 2.144518 2.112151 2.776851 2.700931 3.466688 3.211043 2.218815 1.129238 1.127784 1.219121 1.758883 1.77922 1.77922 1.458376 0.6814495 0.6814497 0.6814498 2.3647 3.721209 3.804813 3.638363 0.8585446 0.5092455 0.5092455 0.5092455 0.5092455 0.5959204 0.6464831
1.241926 1.09947 2.529709 3.053699 17.32181 3.000707 3.394793 3.412847 2.519528 1.856905 1.854527 1.594363 1.046091 0.8411929 0.8298886 0.8129766 0.8471993 0.8618371 0.8921477 0.8487794 0.8487794 0.8487794 4.628143 6.744054 7.534096 341.8183 8.250209 7.474694 4.081124 2.549226 2.418379 2.44722 2.81438 1.977842 1.348301 1.388435 2.617512 3.920124 3.636127 3.54594 6.101441 4.476833 4.075328 4.236514 4.280922 5.505926 5.825463 4.518878 3.590012 3.980752 4.65153 3.867445 1.127785 1.527925 1.779221 1.779221 1.920554 2.008888 2.023357 2.089942 1.852355 2.455806 3.804819 3.804819 3.804819 2.095551 0.5092456 31.88101 0.5092456 0.5092456 0.624668 0.7562523
3.448545 3.162822 3.754731 4.483401 7.703889 6.55286 4.509409 4.300912 3.372359 3.160448 3.091456 2.074094 1.241328 0.8411931 1.151536 1.140025 1.343789 1.558068 1.533488 1.750718 2.269759 2.545547 5.533108 7.852774 8.503923 8.411692 8.927287 23.99944 70.9398 5.983255 4.445286 26.65677 6.091312 8.8245 5.099902 20.22669 39.84478 79.1169 4.402404 5.180502 6.937792 395.4293 53.24251 7.08158 7.566084 6.883069 6.497823 71.3795 8.388844 6.45632 5.680685 2.211479 11.82702 1.398915 1.779222 1.779222 1.788425 2.118515 2.253783 198.7835 2.253782 2.634827 2.393276 2.122525 2.494222 2.885445 0.5198854 0.5092459 0.5092459 0.5408542 0.719875 0.7580867
10.49005 4.242547 6.219792 7.34749 9.279618 7.195238 4.914884 3.678759 3.83264 4.219927 4.399363 2.757074 2.39916 1.979408 2.485793 1.880885 1.780193 2.503747 2.907394 3.496948 3.12039 2.87824 4.70607 10.61215 11.72535 61.7608 9.250876 9.006166 40.13467 6.698283 4.975416 4.41026 3.568553 5.13465 37.96123 6.183496 6.457418 5.756996 3.710201 3.770922 26.77338 124.4699 9.116763 4.652786 9.705766 29.03133 3.896869 3.957942 6.828457 4.874397 1.127784 1.127784 20.78249 0.7538761 1.072728 1.242937 1.717095 2.17841 2.253783 2.253781 2.253783 2.253782 2.107315 0.8188957 0.7956658 1.22689 0.5550472 0.4667249 0.4656277 0.5896846 0.7580855 0.7580855
12.70743 13.74384 311.6288 32.42827 10.8631 21.72962 6.084015 14.1506 11.15483 6.527543 6.676494 4.304856 53.82027 3.511087 1.621968 2.317649 4.576967 4.07934 3.836232 8.961541 8.511097 409.3253 155.5699 13.6959 11.42126 10.39491 9.839808 27.51512 308.3167 7.244677 3.484752 3.010937 3.010937 3.451317 4.669673 9.366104 9.862263 6.546857 4.203358 3.122369 2.749707 3.273806 4.30417 3.847917 3.107732 2.284267 2.12321 2.10358 2.10358 1.492386 1.127786 1.12083 0.9501157 0.6490184 0.6470001 0.6592522 1.804729 2.206826 2.297518 2.858052 2.671844 1.876519 1.408286 0.7973976 0.7737448 0.5413653 0.4435754 0.4396003 0.4396003 0.6063359 0.7580866 0.7580866
12.72472 12.62428 322.1708 42.07634 13.89608 7.321353 6.124574 4.73844 4.375037 4.478916 7.001898 5.845966 4.41595 4.654616 4.415816 5.181222 4.98376 4.176418 3.755501 8.127374 12.70737 74.67336 373.1581 16.3475 9.312795 9.832234 12.82605 13.07293 104.0598 8.325137 6.658944 1.364355 1.179683 2.938517 4.597589 4.891812 5.541575 5.107896 5.84044 4.695605 3.120266 3.092007 2.720232 3.084214 2.976133 2.556357 2.12853 2.100075 1.932661 0.7672047 0.7021286 0.8081658 0.7583421 17.44385 9.759789 0.7747492 19.41949 10.63994 3.360897 3.606335 3.370043 1.665072 1.014035 0.7956649 0.511642 0.4395998 0.4395998 0.4459729 0.5634515 0.6672193 0.6727833 0.6645121
7.627205 8.627892 11.88267 11.61051 12.55685 9.411437 7.794365 5.678977 4.602806 6.118083 7.422684 6.739894 7.53519 7.386537 6.91099 6.503708 6.463515 6.4838 7.548391 8.224435 7.8268 12.18361 16.92065 15.07351 7.295661 7.261395 6.034852 7.363836 121.6971 78.71552 5.386863 0.2914392 0.3313144 1.077484 5.30057 6.307145 5.767787 5.328635 4.957221 5.838222 3.440866 2.610763 2.350758 2.309367 2.309367 2.300009 2.249445 1.648052 0.6652316 0.6469992 0.6469992 0.6469992 0.6469992 0.6469992 0.6471416 1.36467 1.924787 2.179297 3.323564 3.241632 9.801896 2.294583 0.8993496 0.7956642 0.6496158 0.439599 0.583039 0.6549339 0.6549481 0.6549481 0.6549481 0.658792
4.709275 4.520788 5.593565 6.91859 7.705884 7.822781 5.280779 4.633959 4.936595 5.822601 7.166577 9.513159 10.03568 8.303753 7.078224 6.855752 6.353482 6.002824 30.56637 6.07977 7.445118 8.980215 13.59225 14.93478 12.74782 35.63626 5.998006 6.224345 6.534765 146.8851 382.9978 29.85612 58.59407 2.076889 5.335232 6.353501 6.349314 6.34656 145.1798 54.35266 7.521827 2.413947 2.097889 2.164402 2.273737 2.309363 2.309363 2.243904 1.57926 0.5277963 0.5771135 0.6469991 0.6469991 0.6469991 0.8221247 1.807817 1.92479 2.28873 2.027708 12.94708 25.78553 8.81917 6.223559 4.120763 4.100223 0.768249 0.6538147 0.7716996 0.6549488 0.6549488 0.668459 0.8537311
2.896097 3.799148 4.000531 3.820647 4.22448 4.160212 4.061035 4.99248 5.980674 5.982414 5.733615 6.636322 6.45571 41.43241 9.402869 7.913712 7.298509 7.625671 7.996044 8.167395 9.621334 14.0051 22.4618 383.8943 29.87811 10.75525 8.630664 7.422912 5.978202 5.146047 4.690784 3.618114 3.644547 3.327015 5.124378 6.389032 6.256575 5.388072 45.67034 7.666015 2.118753 1.545943 1.801187 2.025954 2.022297 0.884484 0.3502493 0.1453373 0.1326498 0.1326498 0.1333538 0.2320114 0.3874862 0.4601541 0.550491 0.4601824 0.9593022 3.207012 3.588959 3.804036 5.039787 8.037815 52.48691 7.024925 6.343388 5.702697 4.846556 4.274642 0.8981923 0.8495563 0.9692835 1.068907
