Downloaded_Data/glds95ag30.asc
ncols         720
nrows         286
xllcorner     -180
yllcorner     -58
cellsize      0.5000000000004
NODATA_value  -9999
[rows 0 to 31 of 286, columns 144 to 215 of 720]
-9999 -9999 -9999 -9999 -9999 -9999 -9999 -9999 -9999 -9999 -9999 -9999 -9999 -9999 -9999 -9999 -9999 -9999 -9999 -9999 -9999 -9999 -9999 -9999 -9999 -9999 -9999 -9999 -9999 -9999 -9999 -9999 -9999 -9999 -9999 -9999 -9999 -9999 -9999 -9999 -9999 -9999 -9999 -9999 -9999 -9999 -9999 -9999 -9999 -9999 -9999 -9999 -9999 -9999 -9999 -9999 -9999 -9999 -9999 -9999 -9999 -9999 -9999 -9999 -9999 -9999 -9999 -9999 -9999 -9999 -9999 -9999
-9999 -9999 -9999 -9999 -9999 -9999 -9999 -9999 -9999 -9999 -9999 -9999 -9999 -9999 -9999 -9999 -9999 -9999 -9999 -9999 -9999 -9999 -9999 -9999 -9999 -9999 -9999 -9999 -9999 -9999 -9999 -9999 -9999 -9999 -9999 -9999 -9999 -9999 -9999 -9999 -9999 -9999 -9999 -9999 -9999 -9999 -9999 -9999 -9999 -9999 -9999 -9999 -9999 -9999 -9999 -9999 -9999 -9999 -9999 -9999 -9999 -9999 -9999 -9999 -9999 -9999 -9999 -9999 -9999 -9999 -9999 -9999
-9999 -9999 -9999 -9999 -9999 -9999 -9999 -9999 -9999 -9999 -9999 -9999 -9999 -9999 -9999 -9999 -9999 -9999 -9999 -9999 -9999 -9999 -9999 -9999 -9999 -9999 -9999 -9999 -9999 -9999 -9999 -9999 -9999 -9999 -9999 -9999 -9999 -9999 -9999 -9999 -9999 -9999 -9999 -9999 -9999 -9999 -9999 -9999 -9999 -9999 -9999 -9999 -9999 -9999 -9999 -9999 -9999 -9999 -9999 -9999 -9999 -9999 -9999 -9999 -9999 -9999 -9999 -9999 -9999 -9999 -9999 -9999
-9999 -9999 -9999 -9999 -9999 -9999 -9999 -9999 -9999 -9999 -9999 -9999 -9999 -9999 -9999 -9999 -9999 -9999 -9999 -9999 -9999 -9999 -9999 -9999 -9999 -9999 -9999 -9999 -9999 -9999 -9999 -9999 -9999 -9999 -9999 -9999 -9999 -9999 -9999 -9999 -9999 -9999 -9999 -9999 -9999 -9999 -9999 -9999 -9999 -9999 -9999 -9999 -9999 -9999 -9999 -9999 -9999 -9999 -9999 -9999 -9999 0.0002431805 0.0002431805 0.0002431805 0.0002431805 0.0002431805 0.0002431805 0.0002431805 0.0002431805 0.0002431805 0.0002431805 0.0002431805
-9999 -9999 -9999 -9999 -9999 -9999 -9999 -9999 -9999 -9999 -9999 -9999 -9999 -9999 -9999 -9999 -9999 -9999 -9999 -9999 -9999 -9999 -9999 -9999 -9999 -9999 -9999 -9999 -9999 -9999 -9999 -9999 -9999 -9999 -9999 -9999 -9999 -9999 -9999 -9999 -9999 -9999 -9999 -9999 -9999 -9999 -9999 -9999 -9999 -9999 -9999 0.0002431805 0.0002431805 0.0002431804 0.0002431805 0.0002431804 0.0002431805 0.0002431804 0.0002431805 0.0002431805 0.0002431806 0.0002431805 0.0002431806 0.0002431806 0.0002431803 0.0002431803 0.0002431803 0.0002431804 0.0002431805 0.0002431806 0.0002431806 0.0002431803
-9999 -9999 -9999 -9999 -9999 -9999 -9999 -9999 -9999 -9999 -9999 -9999 -9999 -9999 -9999 -9999 -9999 -9999 -9999 -9999 -9999 -9999 -9999 -9999 -9999 -9999 -9999 -9999 -9999 -9999 -9999 -9999 -9999 -9999 -9999 -9999 -9999 0.0002431805 0.0002431805 0.0002431805 0.0002431805 0.0002431805 0.0002431804 0.0002431805 0.0002431805 0.0002431804 0.0002431804 0.0002431805 0.0002431805 0.0002431805 0.0002431805 0.0002431805 0.0002431804 0.0002431804 0.0002431804 0.0002431804 0.0002431804 0.0002431804 0.0002431804 0.0002431804 0.0002431804 0.0002431804 0.0002431804 0.0002431804 0.0002431804 0.0002431804 0.0002431804 0.0002431804 0.0002431804 0.0002431804 0.0002431804 0.0002431804
-9999 -9999 -9999 -9999 -9999 -9999 -9999 -9999 -9999 -9999 -9999 -9999 -9999 -9999 -9999 -9999 -9999 -9999 -9999 -9999 -9999 -9999 -9999 -9999 -9999 -9999 -9999 -9999 -9999 -9999 -9999 -9999 0.0002431805 0.0002431804 0.0002431804 0.0002431804 0.0002431804 0.0002431804 0.0002431805 0.0002431805 0.0002431805 0.0002431805 0.0002431805 0.0002431805 0.0002431805 0.0002431805 0.0002431805 0.0002431805 0.0002431805 0.0002431805 0.0002431805 0.0002431805 0.0002431805 0.0002431805 0.0002431805 0.0002431805 0.0002431805 0.0002431805 0.0002431805 0.0002431805 0.0002431805 0.0002431805 0.0002431805 0.0002431805 0.0002431805 0.0002431805 0.0002431805 0.0002431805 0.0002431805 0.0002431805 0.0002431805 0.0002431805
-9999 -9999 -9999 -9999 -9999 -9999 -9999 -9999 -9999 -9999 -9999 -9999 -9999 -9999 -9999 -9999 -9999 -9999 -9999 -9999 -9999 -9999 -9999 -9999 -9999 0.0002431805 0.0002431805 0.0002431805 0.0002431806 0.0002431806 0.0002431805 0.0002431806 0.0002431805 -9999 0.0002431804 0.0002431804 0.0002431805 0.0002431803 0.0002431804 0.0002431803 0.0002431803 0.0002431803 0.0002431803 0.0002431803 0.0002431803 0.0002431803 0.0002431803 0.0002431803 0.0002431803 0.0002431803 0.0002431803 0.0002431803 0.0002431803 0.0002431803 0.0002431803 0.0002431803 0.0002431803 0.0002431803 0.0002431803 0.0002431803 0.0002431803 0.0002431803 0.0002431803 0.0002431803 0.0002431803 0.0002431803 0.0002431803 0.0002431803 0.0002431803 0.0002431803 0.0002431803 0.0002431803
-9999 -9999 -9999 -9999 -9999 -9999 -9999 -9999 -9999 -9999 -9999 -9999 -9999 -9999 -9999 -9999 -9999 -9999 -9999 -9999 -9999 -9999 -9999 0.0002431805 0.0002431803 0.0002431803 0.0002431803 0.0002431806 0.0002431804 0.0002431804 0.0002431804 0.0002431804 0.0002431804 0.0002431803 0.0002431805 0.0002431805 0.0002431805 0.0002431805 0.0002431803 0.0002431803 0.0002431805 0.0002431805 0.0002431805 0.0002431805 0.0002431805 0.0002431804 0.0002431804 0.0002431804 0.0002431804 0.0002431804 0.0002431804 0.0002431804 0.0002431804 0.0002431804 0.0002431804 0.0002431804 0.0002431804 0.0002431804 0.0002431804 0.0002431804 0.0002431804 0.0002431804 0.0002431804 0.0002431804 0.0002431804 0.0002431804 0.0002431804 0.0002431804 0.0002431804 0.0002431804 0.0002431804 0.0002431804
-9999 -9999 -9999 -9999 -9999 -9999 -9999 -9999 -9999 -9999 -9999 -9999 -9999 -9999 -9999 0.0002420659 0.0002420659 0.0002420659 0.0002420659 -9999 -9999 -9999 0.0002431805 0.0002431805 0.0002431805 0.0002431804 0.0002431806 0.0002431807 0.0002431807 0.0002431807 0.0002431807 0.0002431807 0.0002431807 0.0002431807 0.0002431807 0.0002431807 0.0002431807 0.0002431807 0.0002431804 0.0002431806 0.0002431805 0.0002431805 0.0002431805 0.0002431806 0.0002431806 0.0002431807 0.0002431807 0.0002431807 0.0002431807 0.0002431807 0.0002431807 0.0002431807 0.0002431807 0.0002431807 0.0002431807 0.0002431807 0.0002431807 0.0002431807 0.0002431807 0.0002431807 0.0002431807 0.0002431807 0.0002431807 0.0002431807 0.0002431807 0.0002431807 0.0002431807 0.0002431807 0.0002431807 0.0002431807 0.0002431807 0.0002431806
-9999 -9999 -9999 -9999 -9999 -9999 -9999 -9999 -9999 -9999 -9999 -9999 -9999 -9999 -9999 0.0002420659 0.0002420658 0.0002420658 0.0002420658 -9999 -9999 -9999 0.0002431805 0.0002431804 0.0002431805 0.0002431806 0.0002431805 0.0002431806 0.0002431808 0.0002431808 0.0002431808 0.0002431808 0.0002431808 0.0002431808 0.0002431808 0.0002431808 0.0002431808 0.0002431808 0.0002431808 0.0002431808 0.0002431808 0.0002431805 0.0002431805 0.0002431806 0.0002431806 0.0002431805 0.0002431807 0.0002431808 0.0002431808 0.0002431808 0.0002431808 0.0002431808 0.0002431808 0.0002431808 0.0002431808 0.0002431808 0.0002431808 0.0002431808 0.0002431808 0.0002431808 0.0002431808 0.0002431806 0.0002431806 0.0002431807 0.0002431808 0.0002431808 0.0002431806 0.0002431805 0.0002431806 0.0002431805 0.0002431804 0.0002431805
-9999 -9999 -9999 -9999 0.0002420659 0.0002420659 0.0002420658 0.0002420657 0.0002420658 0.0002420657 0.0002420659 0.0002420659 0.000242066 0.0002420659 -9999 -9999 -9999 -9999 -9999 -9999 -9999 -9999 -9999 -9999 0.0002431805 0.0002431806 0.0002431805 0.0002431805 0.0002431806 0.0002431804 0.0002431805 0.0002431804 0.0002431804 0.0002431804 0.0002431804 0.0002431806 0.0002431808 0.0002431808 0.0002431808 0.0002431807 0.0002431807 0.0002431807 0.0002431806 0.0002431806 0.0002431807 0.0002431805 0.0002431805 0.0002431805 0.0002431806 0.0002431807 0.0002431808 0.0002431808 0.0002431808 0.0002431808 0.0002431808 0.0002431808 0.0002431808 0.0002431808 0.0002431808 0.0002431807 0.0002431806 0.0002431804 0.0002431804 0.0002431804 0.0002431803 0.0002431804 0.0002431804 0.0002431805 0.0002431805 -9999 -9999 -9999
-9999 -9999 -9999 -9999 -9999 -9999 0.0002420659 0.000242066 0.0002420658 0.0002420659 0.0002420659 0.0002420658 0.000242066 0.0002420658 0.0002420657 0.0002420658 0.0002420658 0.0002420659 -9999 0.000242066 0.0002420657 0.0002420659 0.0002420661 0.000242066 0.0002420659 0.0002420659 -9999 0.0002431804 0.0002431804 0.0002431804 0.0002431803 0.0002431803 0.0002431804 0.0002431805 0.0002431805 0.0002431805 0.0002431805 0.0002431805 0.0002431804 0.0002431806 0.0002431805 0.0002431804 0.0002431806 0.0002431806 0.0002431806 0.0002431805 0.0002431805 0.0002431805 0.0002431805 0.0002431805 0.0002431805 0.0002431805 0.0002431805 0.0002431805 0.0002431805 0.0002431805 0.0002431805 0.0002431805 0.0002431805 0.0002431805 0.0002431805 0.0002431805 0.0002431805 0.0002431804 0.0002431805 0.0002431804 0.0002431805 0.0002431805 -9999 -9999 0.008818633 0.008818633
-9999 -9999 -9999 -9999 -9999 -9999 0.0002420658 0.0002420658 0.0002420658 0.0002420659 0.0002420659 0.0002420658 0.0002420658 0.0002420657 0.0002420659 0.0002420659 0.0002420658 0.000242066 0.0002420659 0.0002420659 0.0002420658 0.0002420658 0.000242066 0.0002420659 0.0002420659 0.0002420657 0.0002420659 0.0002420659 -9999 -9999 0.0002431805 0.0002431805 0.0002431802 0.0002431803 0.0002431804 0.0002431805 0.0002431805 0.0002431805 0.0002431805 0.0002431805 0.0002431805 0.0002431804 0.0002431803 0.0002431802 0.0002431803 0.0002431803 0.0002431804 0.0002431803 0.0002431803 0.0002431803 0.0002431803 0.0002431803 0.0002431803 0.0002431803 0.0002431803 0.0002431803 0.0002431803 0.0002431803 0.0002431803 0.0002431803 0.0002431803 0.0002431803 0.0002431803 0.0002431802 0.0002431804 0.0002431805 -9999 -9999 -9999 0.008818633 0.008818635 0.008818633
-9999 -9999 -9999 0.0002420659 0.000242066 0.0002420659 0.0002420659 -9999 -9999 -9999 0.0002420659 0.0002420659 0.0002420659 0.0002420658 0.0002420659 0.0002420659 0.0002420659 0.0002420659 0.0002420659 -9999 0.0002420659 0.0002420659 0.0002420659 0.0002420659 0.0002420658 0.0002420659 0.0002420659 0.0002420659 0.0002420659 0.0002420659 -9999 -9999 -9999 0.0002431805 0.0002431806 0.0002431805 0.0002431805 -9999 -9999 0.0002431805 0.0002431804 0.0002431803 0.0002431804 0.0002431804 0.0002431805 0.0002431804 0.0002431805 0.0002431804 0.0002431805 0.0002431805 0.0002431804 0.0002431805 0.0002431805 0.0002431805 0.0002431805 0.0002431805 0.0002431805 0.0002431805 0.0002431805 0.0002431803 0.0002431806 0.0002431805 0.0002431805 0.0002431805 0.0002431805 -9999 -9999 -9999 -9999 -9999 -9999 0.008818633
-9999 -9999 -9999 -9999 0.0002420659 0.0002420657 0.0002420658 0.0002420659 0.0002420659 -9999 -9999 -9999 -9999 -9999 -9999 -9999 -9999 -9999 -9999 -9999 -9999 0.0002420659 -9999 0.0002420659 0.0002420659 0.0002420659 0.0002420659 0.0002420659 0.0002420659 0.0002420659 -9999 -9999 -9999 0.0002431804 0.0002431802 0.0002431802 0.0002431805 -9999 0.0002431805 0.0002431805 0.0002431807 0.0002431805 0.0002431805 0.0002431803 0.0002431804 0.0002431803 0.0002431805 0.0002431804 0.0002431803 0.0002431803 0.0002431803 0.0002431804 0.0002431805 0.0002431805 0.0002431803 0.0002431803 0.0002431804 0.0002431804 0.0002431805 0.0002431805 0.0002431805 -9999 -9999 -9999 -9999 -9999 -9999 -9999 -9999 -9999 0.008818633 0.008818633
0.000231541 0.000231541 -9999 -9999 -9999 -9999 0.0002420659 0.0002420661 0.0002420659 0.0002420659 -9999 -9999 0.0002420659 0.0002420659 0.000242066 0.0002420661 0.0002420661 0.0002420659 0.000242066 0.0002420659 0.0002420659 0.0002420659 0.0002420658 0.000242066 0.000242066 0.0002420659 0.0002420658 0.000242066 0.000242066 0.0002420659 0.000242066 0.000242066 0.0002420661 0.000242066 0.0002421937 0.0002431779 0.0002431805 0.0002431805 0.0002431805 0.0002431803 0.0002431802 0.0002431802 0.0002431803 0.0002431803 0.0002431802 0.0002431802 0.0002431802 0.0002431803 0.0002431802 0.0002431805 0.0002431803 0.0002431804 0.0002431803 0.0002431803 0.0002431802 0.0002431802 0.0002431802 0.0002431804 0.0002431804 0.0002431803 0.0002431805 -9999 -9999 -9999 -9999 -9999 -9999 -9999 -9999 0.008818634 0.008818632 -9999
0.000231541 -9999 0.000231541 0.000231541 0.000231541 -9999 0.0002420659 0.0002420659 0.000242066 0.0002420659 0.000242066 0.0002420659 0.000242066 0.0002420659 0.0002420661 0.0002420661 0.000242066 0.0002420661 0.0002420661 0.0002420661 0.0002420659 0.0002420659 -9999 0.0002420659 0.0002420659 0.000242066 0.0002420658 0.0002420658 0.0002420659 0.0002420659 0.0002420659 0.0002420661 0.0002420661 0.0002420658 0.000242066 0.0002420899 0.0002421203 0.0002425262 0.0002431805 0.0002431805 0.0002431805 0.0002431804 0.0002431805 0.0002431805 0.0002431805 0.0002431804 0.0002431805 0.0002431805 0.0002431805 0.0002431805 0.9717053 0.0002431805 0.0002431805 0.0002431804 0.0002431806 0.0002431804 0.0002431805 0.0002431805 0.0002431805 0.0002431805 -9999 -9999 -9999 -9999 -9999 -9999 -9999 -9999 -9999 -9999 -9999 -9999
0.0002315412 0.0002315411 0.000231541 0.0002315412 0.0002315413 0.000231541 -9999 -9999 0.0002420659 0.0002420659 0.000242066 0.0002420659 0.0002420658 0.0002420657 0.0002420658 0.0002420658 0.0002420659 0.0002420657 0.0002420658 0.0002420658 0.0002420659 0.0002420659 0.0002420659 0.0002420659 0.0002420658 0.0002420658 0.0002420661 0.0002420659 -9999 -9999 0.0002420659 0.000242066 0.0002420658 0.0002420657 0.0002420657 0.0002420657 0.0002420657 0.000242066 0.0002420659 0.0002420659 0.0002420659 0.0002420658 0.0002420659 0.0002420659 0.0002420658 0.0002420659 0.000242066 0.0002420662 0.0002420662 0.0002420662 0.0002420662 0.0002420661 0.0002420661 0.0002420661 0.000242066 0.0002420659 0.0002431479 0.0002431804 0.0002431805 -9999 -9999 -9999 -9999 -9999 -9999 -9999 -9999 -9999 -9999 -9999 -9999 -9999
0.0002315409 0.0002315408 0.0002315408 0.0002315408 0.0002315409 -9999 0.000242066 0.0002420658 0.000242066 -9999 0.0002420659 -9999 -9999 -9999 0.0002420659 0.0002420658 0.0002420652 0.0002420654 0.0002420654 0.0002420654 0.0002420659 0.0002420659 0.0002420659 0.0002420659 0.0002420654 0.0002420652 0.0002420652 0.0002420652 0.0002420658 0.0002420659 0.0002420659 0.0002420657 0.0002420653 0.0002420652 0.0002420652 0.0002420652 0.0002420652 0.0002420652 0.0002420653 0.0002420652 0.0002420652 0.0002420652 0.0002420653 0.0002420656 0.0002420653 0.0002420652 0.0002420652 0.0002420652 0.0002420652 0.0002420652 0.0002420652 0.0002420652 0.0002420652 0.0002420652 0.0002420652 0.0002420654 0.0002420659 0.0002420659 -9999 -9999 -9999 -9999 -9999 -9999 -9999 -9999 -9999 -9999 -9999 -9999 -9999 -9999
0.000231541 0.000231541 0.000231541 -9999 -9999 -9999 -9999 -9999 -9999 -9999 -9999 -9999 -9999 -9999 -9999 0.0002420659 0.0002420659 0.0002420659 0.0002420659 -9999 0.0002420659 0.0002420659 0.0002420659 0.0002420659 0.0002420659 0.04987468 0.3278601 0.0002420658 0.0002420658 0.0002420659 -9999 0.0002420659 0.000242066 0.0002420659 0.0002420659 0.0002420658 0.0002420658 0.0002420659 0.0002420659 0.0002420658 0.0002420659 0.0002420658 0.0002420659 0.0002420658 0.0002420659 0.0002420658 0.0002420657 0.0002420658 0.0002420658 0.0002420659 0.0002420658 0.0002420658 0.0002420658 0.0002420658 0.0002420658 0.0002420658 0.000242066 0.0002420659 -9999 -9999 -9999 -9999 -9999 -9999 -9999 -9999 -9999 -9999 -9999 -9999 -9999 -9999
-9999 -9999 -9999 -9999 -9999 -9999 -9999 -9999 -9999 -9999 -9999 -9999 -9999 -9999 -9999 -9999 -9999 -9999 0.0002420659 0.0002420659 0.0002420658 0.0002420659 -9999 -9999 -9999 0.0002420659 0.0002420659 0.0002420659 0.000242066 0.0002420659 0.0002420659 0.0002420659 0.0002420659 0.0002420659 -9999 0.0002420659 0.0002420659 -9999 -9999 0.0002420659 0.0002420659 0.0002420659 0.0002420659 0.0002420659 0.0002420659 0.0002420659 -9999 -9999 -9999 -9999 -9999 0.0002420659 0.000242066 -9999 -9999 -9999 -9999 -9999 -9999 -9999 -9999 -9999 -9999 -9999 -9999 -9999 -9999 -9999 -9999 -9999 -9999 -9999
1.581402e-06 -9999 1.581402e-06 1.592511e-06 2.947299e-05 7.467331e-05 2.383421e-05 1.581402e-06 -9999 -9999 -9999 -9999 0.0002420659 0.0002420659 0.0002420659 0.0002420658 0.0002420658 0.0002420659 0.0002420657 0.0002420657 0.0002420657 0.0002420659 0.0002420659 -9999 0.0002420659 0.0002420659 0.0002420658 0.0002420657 0.0002420657 0.0002420657 0.0002420657 0.0002420657 0.0002420657 0.0002420657 0.0002420659 0.0002420659 0.0002420659 -9999 -9999 0.0002659096 0.0002659095 0.0002659095 0.0002659096 0.0002659097 0.0002659096 0.0002659093 0.0002659096 0.0002659096 0.0002659097 0.0002659096 0.0002659095 0.0002659095 0.0002659095 0.0002659096 0.0002659095 0.0002659095 0.0002659095 0.0002659096 0.0002659096 0.0002659096 0.0002659096 0.0002659096 -9999 -9999 -9999 -9999 -9999 -9999 -9999 -9999 -9999 -9999
1.581402e-06 1.581401e-06 1.581402e-06 1.581402e-06 1.581403e-06 1.581403e-06 1.581402e-06 1.581402e-06 -9999 -9999 -9999 1.581402e-06 6.027078e-05 0.0002420659 0.0002289035 0.000143932 0.0001696392 0.0002025952 0.0002338169 0.0002420658 0.0002420659 0.0002420658 0.0002420658 -9999 0.0002420659 0.0002420658 0.0002420658 0.0002420658 0.0002420658 0.0002420658 0.0002420658 0.0002420658 0.0002420658 0.0002420658 0.0002420659 -9999 -9999 0.0002659096 0.0002659094 0.0002659096 0.0002659095 0.0002659095 0.0002659095 0.0002659097 0.04822214 2.609834 0.2837495 0.03784639 0.0002659097 0.0002659095 0.0002659095 0.0002659095 0.0002659095 0.0002659094 0.0002659095 0.0002659096 0.0002659095 0.0002659095 0.0002659095 0.0002659095 0.0002659095 0.0002659097 0.0002659094 0.0002659096 -9999 -9999 -9999 -9999 -9999 -9999 -9999 -9999
1.581401e-06 1.581401e-06 1.581401e-06 1.581401e-06 1.581402e-06 1.581402e-06 -9999 -9999 -9999 -9999 1.581402e-06 1.581401e-06 1.581402e-06 1.581401e-06 1.581401e-06 1.581401e-06 1.581401e-06 1.581401e-06 3.167025e-06 2.485931e-05 6.296154e-05 6.441893e-05 0.0001031006 5.032859e-06 0.0002420659 0.0002420656 0.0002420658 0.0002420655 0.0002420658 0.0002420659 0.0002420658 0.0002420659 0.0002420659 -9999 -9999 -9999 0.0002659096 0.0002659095 0.0002659096 0.0002659096 0.0002659096 0.0002659096 0.0002659096 0.0002659095 0.0002659094 0.01249456 0.1114119 0.0253659 0.0002659096 0.0002659096 0.0002659096 0.0002659096 0.0002659096 0.0002659096 0.0002659095 0.0002659095 0.0002659097 0.0002659097 0.0002659097 0.8042394 1.324714 0.0002659094 0.0002659096 0.0002659096 0.0002659097 0.0002659096 -9999 -9999 -9999 -9999 -9999 -9999
1.581402e-06 1.581405e-06 1.581404e-06 1.581404e-06 1.581405e-06 1.581403e-06 1.581402e-06 -9999 -9999 -9999 -9999 -9999 1.581402e-06 1.581403e-06 1.581403e-06 1.581404e-06 1.581405e-06 1.581404e-06 1.581405e-06 1.581404e-06 1.581404e-06 1.581405e-06 1.581403e-06 1.581402e-06 -9999 1.898981e-05 4.85023e-05 9.249533e-05 0.0002225436 0.0002420659 -9999 -9999 -9999 -9999 -9999 -9999 0.0002659096 0.0002659098 0.0002659098 0.0002659098 0.0002659098 0.0002659098 0.0002659098 0.0002659098 0.0002659098 0.0002659099 0.0002659098 0.0002659098 0.0002659098 0.0002659098 0.0002659098 0.0002659097 0.0002659098 0.0002659097 0.0002659096 0.0002659096 0.0002659095 0.0002659094 0.0002659097 0.0002659096 0.0002659097 0.0002659096 0.0002659096 0.0002659096 0.0002659096 0.0002659098 0.0002659096 0.0002659096 -9999 -9999 -9999 -9999
1.581401e-06 1.581403e-06 1.581403e-06 1.581403e-06 1.581403e-06 1.581403e-06 1.581404e-06 1.581402e-06 -9999 -9999 -9999 -9999 -9999 -9999 -9999 1.581402e-06 1.581402e-06 1.581403e-06 1.581403e-06 1.581403e-06 1.581403e-06 1.581403e-06 1.581402e-06 1.581402e-06 1.581402e-06 1.581403e-06 1.581403e-06 1.581402e-06 1.581402e-06 1.581402e-06 -9999 -9999 -9999 -9999 -9999 0.0002659096 0.0002659095 0.0002659096 0.0002659096 0.0002659096 0.0002659096 0.0002659096 0.0002659096 0.0002659096 0.0002659096 0.0002659096 0.0002659096 0.0002659096 0.0002659096 0.0002659096 0.0002659096 0.0002659096 0.0002659096 0.0002659096 0.0002659096 0.0002659096 0.0002659096 0.0002659096 0.0002659096 0.0002659096 0.0002659096 0.0002659097 0.0002659096 0.0002659096 0.0002659097 0.0002659097 0.0002659096 0.0002659095 0.0002659096 0.0002659096 0.0002659096 0.0002659096
1.581402e-06 1.581402e-06 1.581402e-06 1.581402e-06 1.581402e-06 1.581403e-06 1.581403e-06 1.581402e-06 -9999 -9999 -9999 -9999 -9999 -9999 -9999 -9999 -9999 1.581402e-06 1.581402e-06 1.581402e-06 -9999 -9999 1.581402e-06 1.581402e-06 1.581402e-06 1.581402e-06 1.581403e-06 1.581402e-06 1.581402e-06 1.581401e-06 1.581402e-06 -9999 -9999 -9999 -9999 0.0002659096 0.0002659096 0.0002659094 0.0002659094 0.0002659096 0.0002659095 0.0002659094 0.0002659094 0.0002659094 0.0002659094 0.0002659094 0.0002659094 0.0002659094 0.0002659094 0.0002659094 0.0002659094 0.0002659094 0.0002659094 0.0002659094 0.0002659094 0.0002659094 0.0002659094 0.0002659093 0.0002659094 0.0002659094 0.0002659094 0.0002659094 0.0002659094 0.0002659094 0.0002659094 0.0002659094 0.0002659095 0.0002659095 0.0002659095 0.0002659096 0.0002659097 0.0002659095
1.581402e-06 1.581403e-06 1.581403e-06 1.581403e-06 1.581401e-06 1.581402e-06 1.581402e-06 1.581403e-06 1.581402e-06 1.581402e-06 1.581402e-06 -9999 -9999 -9999 1.581402e-06 1.581402e-06 -9999 -9999 -9999 -9999 -9999 -9999 1.581402e-06 1.581401e-06 1.581402e-06 1.581402e-06 1.581402e-06 1.581402e-06 1.581402e-06 1.581402e-06 1.581401e-06 1.581402e-06 -9999 -9999 -9999 -9999 -9999 0.0002659095 0.0002659095 0.0002659095 0.0002659095 0.0002659096 0.0002659096 0.0002659096 0.0002659096 0.0002659096 0.0002659096 0.0002659096 0.0002659096 0.0002659096 0.0002659096 0.0002659096 0.0002659096 0.0002659096 0.0002659094 0.0002659093 0.0002659095 0.0002659097 0.0002659094 0.0002659096 0.0002659096 0.0002659096 0.0002659096 0.0002659096 0.0002659096 0.0002659096 0.0002659096 0.0002659096 0.0002659096 0.0002659094 0.0002659093 0.0002659095
1.581402e-06 1.581402e-06 1.581402e-06 1.581402e-06 1.581402e-06 1.581402e-06 1.581402e-06 1.581402e-06 1.581402e-06 1.581402e-06 1.581402e-06 1.581403e-06 1.581402e-06 1.581401e-06 1.581402e-06 1.581402e-06 -9999 -9999 -9999 -9999 -9999 1.581402e-06 1.581402e-06 1.581402e-06 1.581402e-06 1.581402e-06 1.581402e-06 1.581402e-06 1.581402e-06 1.581402e-06 1.581402e-06 1.581402e-06 1.581402e-06 -9999 -9999 -9999 -9999 -9999 0.0002659096 0.0002659095 0.0002659095 0.0002659096 0.0002659094 0.0002659095 0.0002659096 0.0002659096 0.0002659095 0.0002659096 0.0002659097 0.0002659096 0.0002659095 0.0002659095 0.0002659096 0.0002659096 0.0002659094 0.0002659095 0.0002659094 0.0002659095 0.0002659096 0.0002659095 0.0002659094 0.0002659097 0.0002659097 0.0002659097 0.0002659097 0.0002659097 0.0002659096 0.0002659096 0.0002659096 0.0002659096 0.0002659096 0.0002659096
1.581402e-06 1.581402e-06 1.581402e-06 1.581402e-06 1.581402e-06 1.581402e-06 1.581402e-06 1.581402e-06 1.581402e-06 1.581403e-06 1.581402e-06 1.581402e-06 1.581401e-06 1.581402e-06 1.581402e-06 -9999 -9999 -9999 1.581402e-06 1.581402e-06 1.581402e-06 1.581402e-06 1.581402e-06 1.581402e-06 1.581401e-06 1.581402e-06 1.581402e-06 1.581402e-06 0.5435031 0.101711 1.581403e-06 1.581402e-06 1.581402e-06 1.581402e-06 1.581402e-06 1.581402e-06 -9999 -9999 -9999 -9999 -9999 0.0002659096 0.0002659096 0.0002659096 0.0002659096 0.0002659094 0.0002659095 0.0002659095 0.0002659094 0.0002659098 0.0002659096 0.0002659096 0.0002659096 0.0002659095 0.0002659096 0.0002659095 0.0002659094 0.0002659098 0.0002659096 0.0002659097 0.0002659096 0.0002659095 0.0002659095 0.0002659096 0.0002659097 0.0002659097 0.0002659096 0.0002659095 0.0002659097 0.0002659096 0.0002659098 0.0002659096
1.581402e-06 1.581402e-06 1.581402e-06 1.581403e-06 0.08400828 1.668372 0.1064272 1.581402e-06 1.581402e-06 1.581401e-06 1.581401e-06 1.581401e-06 1.581401e-06 1.581402e-06 1.581402e-06 1.581402e-06 1.581402e-06 1.581402e-06 1.5814e-06 1.581401e-06 1.581402e-06 1.581402e-06 1.581402e-06 1.581401e-06 1.581402e-06 1.581402e-06 -9999 1.581401e-06 0.112976 0.0002744326 1.581402e-06 1.581401e-06 1.581402e-06 1.581401e-06 1.581401e-06 1.581402e-06 1.581402e-06 1.20149e-05 0.0002659096 0.0002659096 -9999 -9999 -9999 -9999 0.0002659096 0.0002659095 0.0002659095 0.0002659096 0.0002659096 0.0002659096 0.0002659095 0.0002659095 1.641012 0.5736684 -9999 0.0002659096 -9999 0.0002659096 0.0002659094 0.0002659096 -9999 0.0002659097 0.0002659095 0.0002659096 0.0002659095 0.0002659096 0.0002659096 0.0002659095 0.0002659096 0.0002659096 0.0002659096 0.0002659096
