Downloaded_Data/glds90ag30.asc
ncols         720
nrows         286
xllcorner     -180
yllcorner     -58
cellsize      0.5000000000004
NODATA_value  -9999
[rows 96 to 127 of 286, columns 504 to 575 of 720]
9.159922 16.39103 29.40167 33.85271 45.04454 51.95946 48.13227 16.18551 3.103697 9.596934 11.16521 5.736367 4.838719 5.082607 12.79271 14.09397 13.62116 4.341416 4.294528 4.760724 4.745684 1.321596 0.5127448 0.4998334 0.3969809 0.3199597 0.3199598 0.3199598 0.3199598 0.3199598 0.3164867 0.176323 0.1598013 0.1509491 0.1464345 0.1464345 0.1464345 0.3089862 0.6994957 0.718025 0.7950239 0.8173996 0.818345 0.818345 0.8183448 0.8183447 0.8183447 0.9649816 1.050222 1.054962 1.126546 1.087415 2.021671 4.04738 6.763425 8.72148 8.721478 13.11127 98.08537 412.0421 112.2986 96.0218 82.55971 65.97211 73.31649 87.70345 72.40233 54.22512 62.45448 32.77019 32.0192 31.02816
21.9866 41.87658 52.3325 52.3325 52.33254 52.33252 52.33251 52.15096 1.609787 1.323547 10.39178 8.91678 4.838717 9.010975 14.08256 14.08256 7.773271 3.926034 4.01295 4.760716 4.756076 1.191305 0.5127448 0.5127448 0.506876 0.402036 0.3199592 0.3199592 0.2684864 0.2090126 0.1847967 0.2509471 0.2660349 0.2565669 0.234426 0.1871139 0.205459 0.1787679 0.4968609 0.6515699 0.7993912 0.8183432 0.8183432 0.8183432 0.8183432 0.8183432 0.8183432 0.9721871 1.05022 1.05022 1.05022 1.05022 1.05022 1.073206 6.212428 7.227498 8.414293 8.743956 23.1378 69.40256 82.77258 214.6191 262.166 370.9195 112.9549 93.24742 91.61764 89.41943 115.0701 74.59462 70.3289 76.29395
124.3841 92.91315 55.13629 52.71126 52.33255 52.3325 52.3325 52.33252 42.14922 7.751195 10.99837 9.361716 4.454329 2.8389 2.081635 8.539455 7.99502 3.924577 3.986354 4.696844 3.70833 1.333615 0.4919652 0.5115525 0.4901993 0.3640544 0.2158473 0.2118803 0.1686546 0.1638756 0.1638756 0.2442894 0.2660357 0.2660357 0.2660317 0.25857 0.2519934 0.2519937 0.2519935 0.2519936 0.2559463 0.3012855 0.391201 0.4925745 0.6555052 0.777158 0.8176174 0.9689421 1.050222 1.041343 1.041968 1.050222 1.012984 0.8990464 2.553204 4.247232 6.643716 8.783769 12.05605 23.78425 40.0561 131.1917 253.0152 217.3651 126.896 107.5485 101.5694 159.2172 141.4319 160.1044 138.167 185.0859
179.3447 109.7608 61.06797 97.3603 59.39423 52.33254 52.33253 52.33253 52.33255 51.25404 18.01867 1.461144 1.235766 1.235766 1.235766 1.272166 1.39905 0.1246169 0.4532669 1.226668 0.1438419 0.1475217 0.150082 0.1727231 0.1692587 0.1638756 0.1638756 0.1638756 0.1638756 0.1638756 0.1638756 0.2518575 0.2660353 0.2660353 0.2659303 0.2544908 0.2671404 0.2566053 0.2519936 0.2519936 0.2519935 0.2537715 0.4106338 0.4766182 0.4777478 0.4777478 0.5375462 0.7711556 0.6202579 0.5778489 0.5385703 0.5378763 0.4541676 0.4194219 2.214113 4.192615 6.308747 8.021792 6.833031 8.047513 14.70224 18.74414 98.4962 153.1137 157.0188 165.3585 166.6326 239.5051 199.4618 123.9019 133.377 178.0927
217.7541 178.8065 173.3582 125.5167 111.0859 52.28556 16.93967 19.46243 11.92627 3.232086 1.235766 1.235765 1.235765 1.235766 1.235766 1.110607 0.3023013 0.09620663 0.09620664 0.09620664 0.1170882 0.147522 0.147522 0.147522 0.1503044 0.1635236 0.1638758 0.1638758 0.1638758 0.1638758 0.1638758 0.1942801 0.262079 0.2660358 0.2660358 0.4468651 0.8097965 0.7824948 0.7064399 0.5483417 0.2671481 0.2603707 0.4138011 0.4461256 0.391493 0.3384841 0.44303 0.4777486 0.6544204 1.09455 1.033897 0.4194225 0.4194227 0.6369547 1.929666 2.474153 2.883624 5.095691 4.363237 5.446391 8.261661 12.67843 30.48863 86.18779 89.23739 141.1166 242.4793 202.977 165.0796 153.6951 217.9748 256.4707
617.4747 374.0992 342.3244 55.11031 224.1015 420.988 124.1275 10.65392 7.078377 3.13326 1.235765 1.235766 1.235765 1.222445 1.208218 0.2286571 0.09620669 0.09620669 0.09620663 0.09665567 0.1330332 0.1475218 0.1475218 0.1475218 0.1489536 0.161767 0.1638758 0.1638759 0.1638758 0.1638758 0.1638758 0.1638758 0.1761389 0.2330063 0.2630822 0.4819877 0.8183438 0.8183438 0.8183438 0.8183438 0.8057898 0.4710837 0.2519934 0.2519933 0.2519932 0.2519932 0.2536414 0.3852891 0.6872259 2.578467 2.638423 1.046096 0.5521361 0.9217559 2.145489 2.913586 2.932327 2.940789 3.284025 3.482699 5.056602 7.119373 11.5399 26.59027 82.05226 97.05837 124.6652 143.1487 122.9526 87.98805 247.4203 300.8303
203.2097 298.3198 522.8904 137.6059 172.6861 365.4218 225.887 21.16677 10.16781 2.500556 1.452314 1.235765 1.235765 1.134299 0.1359439 0.09620664 0.09620659 0.09620656 0.09620656 0.09620656 0.1306893 0.1655171 0.1475217 0.1475217 0.1475217 0.1475222 0.1503363 0.1601359 0.1638756 0.1638756 0.1638756 0.1638756 0.1638756 0.1691985 0.2577593 0.3179512 0.727825 0.818344 0.8183439 0.8183441 0.818344 0.6986299 0.5430275 0.5438361 0.616519 0.5994276 0.3563588 0.3291143 2.123048 2.888786 2.76695 2.845726 2.736142 1.941835 1.720376 2.012861 2.330572 2.195525 2.49318 3.162571 3.877739 5.754128 6.582154 11.43716 40.6638 88.63665 124.3363 109.0145 64.76162 53.53398 88.61253 93.73763
142.9921 280.376 438.9237 145.6922 91.27799 109.2048 133.1484 55.14352 19.32053 8.294456 1.90501 1.260735 1.235765 1.197087 0.5984859 0.09620656 0.09623618 0.09620658 0.09661261 0.1609046 0.2004039 0.193829 0.1477214 0.1475217 0.1475217 0.1475217 0.1475217 0.1478967 0.1624561 0.1638757 0.1638757 0.1638757 0.1644402 0.240727 0.2660352 0.2660353 0.5025932 1.010818 1.081787 0.872734 0.8183448 0.8579981 0.8854185 0.8854185 0.8854185 0.8854185 0.8854185 1.043879 4.66118 4.546282 3.280309 2.866503 2.880671 2.651456 1.915525 1.851305 2.066022 2.146619 3.427635 4.149991 4.735282 4.284193 5.010153 10.00965 21.53825 49.36079 96.31906 76.02222 90.04398 197.9481 292.5628 128.608
121.1251 154.5998 249.2872 427.4665 432.1261 470.3227 233.5452 110.449 65.38657 6.351127 2.278756 1.509464 1.237061 1.083311 1.141318 0.4396815 0.4472536 0.2113438 0.1729622 0.1774402 0.2024805 0.2021795 0.1518954 0.1475218 0.1475218 0.1475218 0.1496814 0.1562931 0.1630836 0.1638756 0.1638756 0.1638757 0.1653186 0.2482589 0.2660353 0.2660353 0.5705979 1.190209 1.190209 1.177958 1.59931 1.710409 1.44564 1.332899 1.234945 1.430813 1.183794 2.5821 4.057516 4.579142 4.864236 4.564743 3.003401 3.142539 5.422668 4.501232 3.642125 3.005608 4.374106 4.977389 4.212608 4.596336 7.875057 10.03948 27.34724 45.39639 64.11655 142.2507 135.8426 166.6253 170.8957 100.8252
169.1864 355.9252 353.9422 505.9785 761.0362 581.4636 395.2752 314.887 179.5528 63.56004 36.12638 8.475727 1.438079 0.815251 0.2916779 0.3865137 0.55462 0.5045716 0.2024806 0.2024806 0.2024806 0.1990944 0.1574181 0.1475217 0.1475217 0.1475217 0.1585101 0.1638757 0.1638757 0.1638757 0.1638757 0.1638757 0.1638757 0.1892567 0.2148099 0.2660223 0.3085866 0.9853659 1.190207 1.291358 2.112724 2.49685 2.716654 2.988583 2.820991 3.563336 3.543529 3.907848 3.918773 4.263371 7.596366 10.01787 8.397258 5.141286 5.252314 6.437686 4.813387 4.467995 5.340218 8.09233 7.016658 10.36771 14.29587 22.10975 37.47328 83.21962 218.3138 191.6071 219.2405 190.0826 169.822 124.8553
256.2392 314.0435 473.4648 472.9326 1003.299 629.2896 669.5346 421.7878 228.6283 262.5941 89.0341 122.6929 12.23535 3.587337 0.2262524 0.24083 0.4934724 0.445834 0.2024808 0.2024808 0.2024808 0.1787158 0.2624343 0.3265224 0.3600506 0.2971757 0.2881936 0.1747292 0.1638757 0.1638757 0.1638756 0.2026962 0.5226192 0.5796438 0.3378276 0.2660354 0.2660355 0.4080165 1.848144 2.587074 3.142346 3.566624 3.334613 4.076012 4.495919 4.572336 4.614744 4.459913 5.070004 5.489522 7.153114 8.352212 9.849814 6.354841 5.065373 6.620385 7.088924 7.20781 6.979149 12.14601 10.7984 10.20171 14.01951 83.48901 242.6139 387.3708 278.2663 347.7076 448.3681 451.9044 317.4148 203.0901
275.1319 526.2108 747.0011 504.7477 1346.217 496.5547 369.1461 592.7349 354.3469 219.5768 149.1151 204.0962 24.75247 10.44107 8.482054 0.2262525 0.2758052 0.4428102 0.4439007 0.2979305 0.2024807 0.2046645 0.390151 0.5370848 0.5338283 0.4735445 0.4469192 0.4043831 0.3133741 0.1644608 0.1638757 0.1639568 0.5460517 0.6123541 0.5218174 0.3083344 0.2660354 0.5528147 2.751062 3.715722 3.680224 2.737256 2.601321 3.273159 3.43277 3.74815 4.00909 4.477598 4.951675 5.627476 6.57951 6.541016 8.041519 6.439575 4.094974 4.228901 4.633138 7.061586 7.789188 12.45479 12.87597 13.66264 23.54302 426.238 638.1533 572.2549 511.5211 496.4628 532.7867 531.703 503.9906 431.0597
367.6645 505.1806 470.1266 437.94 375.6809 303.2896 314.6425 617.7354 517.1157 653.3295 170.6357 99.02329 83.13352 58.37503 43.22097 11.32914 4.49569 0.4508965 0.5842489 0.5833735 0.481774 0.4607907 0.4704337 0.5370841 0.5370838 0.4661674 0.446919 0.6929014 1.248677 0.7084219 0.7562131 0.2670598 0.6086697 0.6123546 0.5161245 0.334852 0.2660355 2.698522 4.18866 4.161176 2.448991 1.562067 1.560033 2.022291 2.785462 2.4589 2.746019 3.822617 4.022357 3.204704 5.128695 6.646388 6.294899 5.77676 4.411819 3.984376 4.082106 4.944492 6.172178 10.06133 11.33495 20.03519 300.2094 675.3353 1491.566 635.1399 641.7826 610.0914 660.2646 647.6557 492.278 440.1468
410.5258 365.6079 450.8971 311.501 257.8878 314.0486 281.6699 296.3332 365.2734 510.3927 404.7984 425.4697 366.3458 148.5267 96.02747 54.54944 22.70781 20.79137 5.973248 5.254448 1.749505 0.5373209 0.5370857 0.5370857 0.5370857 0.5088294 0.4469195 0.7677653 1.429842 1.429843 1.933027 2.294605 1.973022 1.701899 5.144962 3.600037 2.052527 8.623137 9.920947 8.582755 4.347259 1.896966 1.731353 1.674905 2.060261 2.328466 1.604569 1.638484 2.167829 2.746244 2.883631 4.040171 5.981377 5.594535 5.434714 3.624359 3.093588 4.228129 5.915709 8.577996 24.36062 64.23149 356.5381 534.3358 592.5909 631.1215 592.3693 551.3096 641.6168 668.7294 514.0697 356.7873
277.3429 210.524 178.5344 199.0024 181.8129 193.7732 234.9092 265.0895 321.7661 373.5701 556.6018 790.7974 405.6901 121.5452 130.5569 150.4122 114.9643 65.87862 41.84874 22.64659 10.03345 6.415146 0.8776466 0.5370846 0.5528389 0.7166815 0.6512733 1.112148 1.429842 1.429842 1.864494 2.884874 2.690514 6.305197 7.405051 7.652166 7.156561 15.49821 62.01886 12.14287 5.997525 2.624054 1.860121 3.089509 3.548826 2.794471 1.544228 1.260433 1.360752 2.322637 2.601419 2.507323 5.009815 5.467459 5.479484 3.573682 2.993877 4.005451 6.440137 12.58105 61.51775 109.1738 240.0016 442.5692 496.7786 677.52 757.8448 607.0941 743.2969 933.3482 373.6055 233.5849
100.8008 175.696 117.569 97.0778 106.5366 123.8134 191.1133 290.5184 315.8906 460.6852 664.8258 744.7099 571.9946 583.1603 292.0072 142.8106 104.6892 85.94037 84.26715 50.93011 30.5374 5.278872 3.145746 2.412326 1.319223 0.7975725 0.9796243 0.9605113 1.126659 1.952995 1.851995 7.632215 7.133707 17.04449 16.19792 13.76275 9.531051 13.60743 15.28076 16.5661 6.062229 3.233238 2.060761 1.705384 1.630658 1.292103 1.033572 0.5992209 1.404249 1.318794 1.388943 1.881986 3.168205 5.542687 5.792625 4.700853 3.838849 4.541176 7.306561 7.381575 37.193 109.2043 174.9571 282.9701 352.2035 697.7555 705.4744 620.9311 512.6927 614.9955 223.2552 128.6543
72.34875 65.78908 36.51482 31.11249 52.15982 78.37259 105.3036 186.9879 311.6299 756.1401 3574.997 1107.4 570.1624 846.3409 652.2159 443.9744 183.8395 129.3071 108.3609 99.41 58.45592 43.2262 33.41175 18.23737 4.014895 17.84437 10.0782 1.510558 1.736814 3.139644 3.294014 5.259562 4.627002 5.125045 11.09433 6.849983 5.869519 4.080114 3.380609 5.783428 5.985946 4.03534 1.876385 1.824203 2.133813 2.436105 4.708247 0.7996666 0.5235347 1.214409 1.29106 1.288359 2.26358 5.753389 7.567611 8.117964 4.188627 8.299 7.865724 16.73544 66.34552 82.35864 62.51602 125.4309 251.1205 480.3889 522.8621 320.9577 309.6462 263.3435 193.6534 130.425
33.6536 18.58463 59.43969 104.1917 58.06396 126.5416 192.9492 260.7458 306.3159 410.1507 901.8704 599.8797 580.7868 540.7948 713.6223 513.0045 308.0051 287.3152 236.7805 126.0057 105.4279 110.1964 148.9281 181.8092 133.2962 85.14463 55.05038 39.61013 9.449126 3.638561 3.293906 2.96388 2.425404 2.815149 4.092696 4.973875 5.966609 4.452082 5.292103 2.263912 3.02012 3.312086 1.562483 2.231571 8.543674 19.02638 15.25289 12.61578 7.441742 2.312674 1.247712 1.066018 4.346677 5.991822 7.96258 10.85139 6.544541 8.659297 8.770093 57.75605 81.84285 72.30318 73.70432 117.1668 194.2961 330.6899 260.9453 190.3035 197.9405 191.679 180.2054 178.2573
22.61132 23.84851 101.9101 80.71247 95.47992 161.8909 257.4502 243.2686 303.6444 329.8255 404.1579 498.53 734.8386 548.9816 466.6116 495.5986 410.4567 559.4607 397.6739 387.0974 261.3384 193.8106 250.0015 218.6822 181.1058 134.0745 460.303 156.7327 86.12344 40.52395 38.3165 40.06551 33.33712 6.190334 22.4717 36.8389 17.90174 15.57165 31.25597 22.32699 4.827868 3.182667 5.694795 15.8236 23.94329 82.24284 142.7572 155.1022 21.98965 4.469376 7.909403 1.0433 3.873454 13.52873 18.09669 12.20471 20.12322 30.60149 26.83668 46.12119 134.1336 74.89303 128.9453 179.0981 176.1689 260.9795 270.0147 225.8759 230.3629 379.6976 234.9807 188.4904
46.03154 46.90498 65.02589 101.7509 110.7565 164.2442 198.5009 312.2774 213.1401 312.389 330.9858 744.439 900.7981 504.5438 560.8575 525.9791 496.9379 505.7929 434.7466 525.3699 543.2756 579.3509 570.2576 493.285 294.4379 282.7357 269.7726 201.235 111.2059 107.4461 96.32217 101.6225 133.3384 133.3078 40.70742 34.0266 47.87841 26.90639 57.43641 48.44759 20.75319 13.02152 11.46976 91.80029 182.722 255.2954 314.0015 112.8464 9.974158 4.388855 10.34703 5.954762 3.116401 19.34864 34.46638 31.27767 32.94997 36.2305 39.42361 53.14905 82.81454 97.93636 181.9475 187.7233 150.0452 198.9263 280.6923 245.0038 255.7216 225.5912 200.7267 167.8923
52.34565 64.25735 82.19984 114.6856 105.6068 226.5422 148.9561 755.4689 249.1166 273.2832 257.731 314.299 342.1749 402.5281 470.6659 416.1736 544.9686 1051.215 576.8993 549.9869 613.3312 668.4817 897.4178 868.6252 732.4405 712.1844 647.3362 589.6907 394.4458 233.3525 287.2653 258.3156 405.0042 438.0515 380.2398 170.5142 223.2924 136.7673 238.1796 331.4373 268.7452 280.9471 185.3107 209.5881 308.2745 203.0789 44.23922 7.195519 2.14286 1.669835 1.719353 2.001945 1.366531 17.53079 41.11915 51.32782 68.27398 64.95644 71.93928 167.0354 88.76991 102.1521 150.9908 141.89 162.6078 268.0681 248.1468 288.4474 299.494 530.3941 153.922 207.1822
65.30659 165.0473 225.1456 109.4747 153.108 198.6745 116.2856 151.6183 147.0947 130.2979 130.8205 226.0574 294.8918 223.3174 288.2756 328.5368 1050.527 446.9836 523.3152 549.1248 556.0577 636.8763 765.0348 746.5896 935.1738 817.1729 975.1679 1009.932 844.2432 555.4261 549.317 542.3741 505.9644 579.0475 675.6967 499.4549 380.7131 419.271 465.9662 527.0598 348.3611 470.8346 78.5436 119.6438 106.3759 86.03427 13.44059 4.357471 2.315725 1.887524 3.650426 0.701659 0.8948824 32.30347 42.2011 86.40081 108.7806 89.03616 63.78421 124.0802 91.07587 186.2256 286.0738 170.6665 193.5247 203.7926 235.1074 287.6949 263.8696 244.1964 154.8862 152.3379
73.35209 78.55608 94.9616 113.9887 149.7924 125.8702 126.0724 115.8692 146.9565 97.96654 58.21874 158.3536 179.5475 221.5174 202.0788 211.7371 275.8344 314.8658 506.4542 590.4499 662.6138 718.6655 727.4178 752.1368 682.2421 877.8219 1258.268 986.4349 890.433 653.6823 577.7878 638.7496 587.5145 789.7128 958.275 665.1245 132.7976 87.43761 102.0634 148.753 81.01357 106.4295 124.945 115.4153 80.66346 33.59996 4.430165 3.384109 5.837505 5.976049 25.92732 7.605938 20.321 76.60882 57.87881 53.28365 225.1445 146.7083 88.20174 99.02833 79.83527 115.2015 116.0347 157.8328 174.9484 224.5687 191.8744 178.2997 122.8281 105.8961 95.99904 102.235
98.85518 101.9068 126.5535 143.1163 158.6067 177.7804 114.6665 225.1095 156.8403 97.02999 78.49259 106.6344 217.9005 257.2522 203.2119 192.7023 205.1308 254.4152 298.6129 771.233 711.4879 1105.609 734.4852 503.4281 689.3531 693.2426 849.0255 761.5522 667.8345 643.8963 687.0814 526.0294 593.2994 576.0386 804.3873 740.6036 301.6033 200.541 165.2581 240.3085 108.995 87.03217 31.8218 46.47742 72.52633 12.65738 11.04923 10.56281 18.60094 38.67903 27.99625 25.3802 80.33176 127.2416 135.902 59.7995 131.8051 144.705 99.28289 108.2957 148.7132 342.3022 184.9075 243.9886 178.9128 190.3544 170.1965 117.0625 73.11295 65.38242 61.16688 71.90896
122.0676 127.5969 117.2384 210.7546 204.7486 157.3547 101.3822 190.389 153.259 113.7054 110.0701 104.3597 154.6433 169.6429 168.9748 121.7561 122.9678 206.413 248.8782 234.2564 176.9396 202.4902 217.3318 193.2446 439.1417 583.3815 577.1258 441.974 334.4551 350.2692 319.6706 625.0466 728.0641 743.0212 885.7252 942.1877 974.1697 871.788 393.0492 756.8279 629.2936 419.115 86.20499 310.5081 68.71239 13.0377 12.33035 20.06176 27.94904 25.73278 25.82979 48.21601 93.121 95.84258 121.4495 95.44194 115.6968 85.42709 79.74541 50.31715 149.3996 267.0839 150.1892 169.9222 119.3412 114.1884 91.16628 63.12273 49.72888 66.20723 94.62892 115.0336
260.9112 178.1167 109.5616 205.8186 152.1935 153.6223 172.8286 154.4243 137.3276 99.6787 121.4876 139.5858 170.2221 133.0022 110.1324 87.17175 99.52644 176.1939 192.4129 162.8347 143.9654 149.9396 172.5388 273.7391 251.8631 201.1511 240.5007 300.8861 326.4191 352.9036 234.9982 536.0735 786.5294 891.7399 784.2687 1051.592 799.9265 1125.905 728.2645 555.963 257.8323 86.67731 20.78262 102.9017 33.32391 23.54188 23.67487 34.42106 48.7094 23.84909 30.04675 53.51579 70.87848 69.6852 89.69788 106.632 102.4555 64.19778 57.04464 53.43009 101.0572 234.0428 118.2442 101.3813 76.60268 85.57151 64.90089 47.44827 60.0372 89.84959 101.8522 156.1461
340.3392 277.4456 226.931 199.1782 211.7527 163.8186 183.8702 149.3146 157.8192 160.8682 165.2275 142.1095 136.0125 223.321 155.8608 125.8791 157.4877 140.5096 106.7418 55.64893 69.67664 115.9802 85.32657 92.68131 146.2637 144.7859 338.8222 361.1397 828.3873 560.5838 487.4846 562.3249 833.4296 710.4938 922.674 904.4529 3047.983 1656.106 866.8636 165.1109 47.67344 85.08241 19.20445 9.91193 19.74769 13.64129 30.83948 53.25891 35.95002 11.32448 22.1732 39.77998 23.7382 44.84472 62.16128 65.31445 74.3413 39.9707 57.39109 62.08709 74.89405 107.2191 139.3717 113.66 100.41 100.6605 82.98139 64.92323 96.70691 120.1593 140.5774 172.7104
271.0311 1059.301 252.9222 252.6864 302.1933 174.4053 231.7584 277.3553 186.5687 164.4285 454.865 199.4931 106.3146 119.681 120.4775 299.5918 234.0388 187.5106 102.0048 166.9595 118.6198 122.6639 113.3909 78.17426 102.3314 201.8388 405.1289 238.5363 366.7108 360.3051 440.8851 580.5331 898.5524 845.809 803.9452 749.8325 1159.035 1383.54 1103.524 183.8245 56.93055 23.49354 25.14655 24.65638 51.43719 26.92062 56.08006 62.53041 19.24627 19.40033 30.10638 34.34334 36.322 24.17255 38.42311 54.70409 42.96042 39.38048 52.69302 70.89262 89.26477 134.4708 163.195 91.72988 117.7383 105.0453 80.80359 73.86261 139.8236 144.1179 156.8688 195.8987
225.9434 1021.471 414.3536 345.1091 322.9752 172.574 161.1343 446.8269 388.3351 119.155 103.9009 146.7378 118.5861 147.6133 118.6622 187.531 81.29707 87.9803 39.13553 101.7744 61.83859 113.8602 126.1765 103.3806 110.3499 113.4499 108.995 205.4261 547.3481 290.4485 398.89 819.3094 4243.29 1013.15 715.3402 936.5803 1072.414 1057.917 1210.939 567.0765 150.1918 29.16284 15.68237 17.18282 51.94765 47.21732 94.66566 141.8179 59.03918 44.9264 33.4687 35.34855 32.6949 9.953808 17.80022 53.5132 48.81716 38.97188 39.52954 27.39059 38.51629 51.70121 63.82841 55.75914 77.45452 69.39809 42.4993 46.65977 92.35382 100.4171 113.7527 155.4691
152.6665 387.9199 709.3677 217.9298 168.0128 155.5111 190.1883 169.3806 141.3926 88.80896 104.0848 127.5843 117.2529 142.4026 104.8578 121.1904 93.28053 79.80618 110.3186 155.9786 280.2586 171.6427 106.6121 110.95 153.0553 252.2797 151.7574 163.6711 201.6276 223.9261 491.4384 984.3629 2104.94 762.2173 227.9931 318.8482 691.415 766.9532 648.0618 2203.168 414.1427 23.85497 14.93845 10.89361 43.27255 78.8653 208.3291 164.9857 257.9921 38.82278 27.71345 24.2669 25.3065 10.09996 20.26263 43.14192 47.9049 45.5806 35.45317 12.4328 7.123926 10.2677 32.01842 49.25251 79.97504 84.04015 66.7252 55.81055 39.05664 97.25011 97.36273 95.30984
397.9999 216.5996 258.4771 165.0735 147.9184 180.4789 146.0977 181.8884 144.3692 88.45473 67.14067 100.9125 128.4786 184.4549 115.4785 132.9326 195.9536 95.88641 124.4038 178.5898 189.4717 252.0404 209.7342 177.776 181.3525 79.78578 97.57223 194.3786 139.6417 286.1657 535.672 827.9366 835.0908 263.3759 141.0916 144.2163 312.369 597.6157 -9999 801.4046 255.8793 10.59886 9.171032 9.549593 45.53942 108.5053 221.8114 179.4134 245.1382 57.41401 17.73271 17.656 24.17554 8.409813 7.816209 16.24183 44.88791 39.22008 25.59722 16.90957 8.445212 9.793668 42.69437 45.10522 36.20818 136.2513 200.7642 229.2799 81.57225 106.4655 63.93832 99.05904
301.9476 1531.902 300.6375 156.9896 188.7668 203.5479 228.7508 277.8349 185.7362 147.2555 148.9705 238.2811 140.9556 378.8452 548.6287 219.1636 216.1539 159.9834 457.634 429.7052 164.4129 127.2425 178.3926 284.3026 130.3684 92.51949 131.6698 136.9342 318.6582 430.8538 528.3508 -9999 -9999 -9999 -9999 -9999 -9999 -9999 -9999 956.5817 273.0432 44.53111 11.28467 8.389769 40.68698 135.0577 205.3069 166.7313 85.86902 26.25694 31.68193 23.21569 20.29296 14.36809 20.77884 33.3674 12.3182 9.355935 14.97208 15.89264 12.29958 19.51576 52.49819 74.5949 55.45613 65.49102 453.6806 1233.743 631.262 167.9092 84.2661 105.9689
