Downloaded_Data/glds95ag30.asc
ncols         720
nrows         286
xllcorner     -180
yllcorner     -58
cellsize      0.5000000000004
NODATA_value  -9999
[rows 192 to 223 of 286, columns 576 to 647 of 720]
-9999 -9999 -9999 -9999 -9999 -9999 -9999 -9999 -9999 -9999 -9999 -9999 -9999 -9999 -9999 -9999 -9999 -9999 -9999 -9999 -9999 -9999 -9999 -9999 -9999 -9999 -9999 -9999 -9999 -9999 -9999 -9999 -9999 -9999 -9999 -9999 -9999 -9999 -9999 -9999 -9999 -9999 -9999 -9999 0.2710253 0.2710253 0.2710252 0.08765386 0.06719273 0.06719275 0.06719273 -9999 -9999 -9999 -9999 -9999 0.1590657 0.1590657 -9999 -9999 -9999 -9999 -9999 -9999 -9999 -9999 -9999 -9999 0.06785367 0.077721 0.05917842 -9999
-9999 -9999 -9999 -9999 -9999 -9999 -9999 -9999 -9999 -9999 -9999 -9999 -9999 -9999 -9999 -9999 -9999 -9999 -9999 -9999 -9999 -9999 -9999 -9999 -9999 -9999 -9999 -9999 -9999 -9999 -9999 -9999 -9999 -9999 -9999 -9999 -9999 -9999 -9999 -9999 -9999 -9999 -9999 -9999 0.2710252 0.2710251 0.2710252 -9999 0.06719273 0.06719268 0.06719274 0.06719276 0.06719273 0.06747332 0.1590657 0.1590657 0.1590657 0.1590657 -9999 -9999 -9999 -9999 -9999 -9999 -9999 -9999 -9999 0.05917841 0.05917838 0.05917839 0.05917841 -9999
-9999 -9999 -9999 -9999 -9999 -9999 -9999 -9999 -9999 -9999 -9999 -9999 -9999 -9999 -9999 -9999 -9999 -9999 -9999 -9999 -9999 -9999 -9999 -9999 -9999 -9999 -9999 -9999 -9999 -9999 -9999 -9999 -9999 -9999 -9999 -9999 -9999 -9999 -9999 -9999 -9999 -9999 -9999 -9999 -9999 182.8131 2.9101 0.05740178 0.05740175 0.06090159 0.06719276 0.06719276 0.06719274 0.108065 0.1590657 0.1590656 0.1590657 2.677475 -9999 -9999 -9999 -9999 -9999 -9999 -9999 -9999 -9999 0.05917839 0.05917835 0.05917835 0.05917844 -9999
-9999 -9999 -9999 -9999 -9999 -9999 -9999 -9999 -9999 -9999 -9999 -9999 -9999 -9999 -9999 -9999 -9999 -9999 -9999 -9999 -9999 -9999 -9999 -9999 -9999 -9999 -9999 -9999 -9999 -9999 -9999 -9999 -9999 -9999 -9999 -9999 -9999 -9999 -9999 -9999 -9999 -9999 -9999 -9999 0.148261 2.953343 2.145229 0.05740183 0.05740183 0.6293622 0.06719279 0.06719279 0.06719279 0.108307 0.1590656 0.1590656 0.1590656 0.1590657 -9999 -9999 -9999 -9999 -9999 -9999 -9999 -9999 -9999 1.447797 0.0648224 0.05917843 0.0591784 0.05917842
-9999 -9999 -9999 -9999 -9999 -9999 -9999 -9999 -9999 -9999 -9999 -9999 -9999 -9999 -9999 -9999 -9999 -9999 -9999 -9999 -9999 -9999 -9999 -9999 -9999 -9999 -9999 -9999 -9999 -9999 -9999 -9999 -9999 -9999 -9999 -9999 -9999 -9999 -9999 -9999 -9999 -9999 -9999 0.09749941 0.1277931 0.1952306 0.2475477 0.07628753 0.05755927 0.05744587 0.06719276 0.06719276 0.06719276 0.07119882 0.1590656 0.1590656 0.2004032 0.1590657 -9999 -9999 -9999 -9999 -9999 -9999 -9999 -9999 -9999 0.09445783 0.06796508 0.05917844 0.05917844 0.05917842
-9999 -9999 -9999 -9999 -9999 -9999 -9999 -9999 -9999 -9999 -9999 -9999 -9999 -9999 -9999 -9999 -9999 -9999 -9999 -9999 -9999 -9999 -9999 -9999 -9999 -9999 -9999 -9999 -9999 -9999 -9999 -9999 -9999 -9999 -9999 0.07562336 0.07562336 0.07562336 0.07562336 -9999 -9999 -9999 -9999 0.09749947 0.09749946 0.09749945 0.09749945 0.09749945 0.06541741 0.05562788 0.06719273 0.06719273 0.06719273 0.07022914 0.1590658 0.1590656 0.8711885 0.9597147 -9999 -9999 -9999 -9999 -9999 -9999 -9999 -9999 0.1063455 0.1028649 0.06018143 0.0591784 0.0591784 0.05917843
-9999 -9999 -9999 -9999 -9999 -9999 -9999 -9999 -9999 -9999 -9999 -9999 -9999 -9999 -9999 -9999 -9999 -9999 -9999 -9999 -9999 -9999 -9999 -9999 -9999 -9999 -9999 -9999 -9999 -9999 -9999 -9999 -9999 0.07562336 0.07562335 0.07562338 0.07562339 0.07562339 0.07562338 0.07562333 -9999 -9999 0.09749942 0.0974994 0.09749936 0.09749936 0.09749936 0.08320381 3.119201 0.04421469 0.04425113 0.04442354 0.06457756 0.05252191 0.1354337 0.1590657 0.9597147 0.9597149 -9999 -9999 -9999 -9999 -9999 -9999 -9999 -9999 -9999 0.08740157 0.05925483 0.05917845 0.05917845 0.0591784
-9999 -9999 -9999 -9999 -9999 -9999 -9999 -9999 -9999 -9999 -9999 -9999 -9999 -9999 -9999 -9999 -9999 -9999 -9999 -9999 -9999 -9999 -9999 -9999 -9999 -9999 -9999 -9999 -9999 -9999 -9999 -9999 -9999 0.07562336 0.07562333 0.07562338 0.0756234 0.07562339 0.07562339 0.07562339 0.07562336 0.07561748 0.01658042 0.0652141 0.07202142 0.05092042 0.0430639 0.03657203 0.5649823 0.04421303 0.04421303 0.04062362 0.02993629 0.02942779 0.05098508 0.1161756 -9999 -9999 -9999 -9999 -9999 -9999 -9999 -9999 -9999 -9999 -9999 0.06078203 0.05917838 0.05917838 0.05917838 0.05917838
-9999 -9999 -9999 -9999 -9999 -9999 -9999 -9999 -9999 -9999 -9999 -9999 -9999 -9999 -9999 -9999 -9999 -9999 -9999 -9999 -9999 -9999 -9999 -9999 -9999 -9999 -9999 -9999 -9999 -9999 -9999 -9999 0.07562336 0.07562333 0.07562341 0.07562342 0.07562342 0.07562342 0.07562342 0.07562342 0.07562344 0.07556686 0.01614697 0.01614697 0.01614696 0.01614696 0.01614696 0.01699712 0.02225406 0.04235876 0.04421301 0.03986859 0.02881604 0.02881604 0.02881604 0.02881607 0.02881606 0.02881605 -9999 -9999 -9999 -9999 -9999 -9999 -9999 -9999 0.06414142 0.06413953 0.06108078 0.06031929 0.05917843 0.05917843
-9999 -9999 -9999 -9999 -9999 -9999 -9999 -9999 -9999 -9999 -9999 -9999 -9999 -9999 -9999 -9999 -9999 -9999 -9999 -9999 -9999 -9999 -9999 -9999 -9999 -9999 -9999 -9999 -9999 -9999 0.06979761 0.06979761 0.07562336 0.0756233 0.07562333 0.07562333 0.07562333 0.07562333 0.07562333 0.07562333 0.07562333 0.07554039 0.01614696 0.01614696 0.01614696 0.01614696 0.01614696 0.01614696 0.01614696 0.04266758 0.04421302 0.04317091 0.03638121 0.02881604 0.02881604 0.02881604 0.02881605 0.02881605 0.02881605 -9999 -9999 -9999 -9999 -9999 -9999 -9999 0.06414142 0.06414142 0.06414142 0.06170549 0.0591784 0.0591784
-9999 -9999 -9999 -9999 -9999 -9999 -9999 -9999 -9999 -9999 -9999 -9999 -9999 -9999 -9999 -9999 -9999 -9999 -9999 -9999 -9999 -9999 -9999 -9999 -9999 -9999 -9999 -9999 -9999 0.2463903 0.128238 0.06979764 0.06979762 0.06979764 0.06979755 0.06979755 0.07562331 0.07562331 0.07562331 0.07562331 0.07562331 0.07549215 0.01614695 0.01614695 0.01614695 0.01614695 0.01614695 0.01614695 0.01614695 0.04299353 0.04421298 0.04421298 0.03876294 0.02881604 0.02881604 0.02881604 0.02881604 0.02881604 0.02881606 0.02881605 -9999 -9999 0.928377 0.9283769 -9999 -9999 0.06414141 0.06414138 0.06414138 0.2488192 0.2908997 0.272693
-9999 -9999 -9999 -9999 -9999 -9999 -9999 -9999 -9999 -9999 -9999 -9999 -9999 -9999 -9999 -9999 -9999 -9999 -9999 -9999 -9999 -9999 -9999 -9999 -9999 -9999 -9999 -9999 0.2463903 0.2463903 0.2339951 0.06979762 0.06979766 0.06979766 0.06979766 0.06979766 0.07304341 0.07081914 0.07562336 0.07562336 0.07528646 0.07035416 0.01614695 0.01614695 0.01614695 0.01614695 0.01614695 0.01614695 0.01491783 0.02275152 0.04024202 0.0365326 0.03140173 0.01289834 0.02584491 0.02774771 0.02881604 0.02881604 0.02881604 0.02887654 0.03485232 0.03485231 0.8596961 0.8626829 -9999 0.06414142 0.0641414 0.06414139 0.06426315 0.3261884 0.3415531 0.3415531
-9999 -9999 -9999 -9999 -9999 -9999 -9999 -9999 -9999 -9999 -9999 -9999 -9999 -9999 -9999 -9999 -9999 -9999 -9999 -9999 -9999 -9999 -9999 -9999 -9999 -9999 -9999 -9999 0.2463903 0.2463904 0.1744966 0.06979758 0.06979761 0.06979761 0.06979761 0.06979761 0.06156338 0.03467957 0.04729357 0.04321346 0.02747866 0.02320263 0.01614696 0.01614696 0.01614696 0.01614696 0.01614696 0.01614696 0.01466646 0.0086833 0.01357033 0.01026649 0.0086833 0.0086833 0.01290511 0.01209522 0.02614838 0.02767438 0.02881609 0.02889641 0.03485233 0.03485233 0.08270027 0.4868183 -9999 0.06414143 0.06324848 0.05587633 0.1261154 0.3400537 0.3415534 0.3415534
-9999 -9999 -9999 -9999 -9999 -9999 -9999 -9999 -9999 -9999 -9999 -9999 -9999 -9999 -9999 -9999 -9999 -9999 -9999 -9999 -9999 -9999 -9999 -9999 -9999 -9999 -9999 -9999 0.2463903 0.2463904 0.1375383 0.06979767 0.06979767 0.06979767 0.06979767 0.06979766 0.02583633 0.02321338 0.02321338 0.02321338 0.02321338 0.02320259 0.01614695 0.01614695 0.01614695 0.01614695 0.01614695 0.01614695 0.01466213 0.008683306 0.008683304 0.008683303 0.008683306 0.008683306 0.008683306 0.008683306 0.008683306 0.008701677 0.02397036 0.02891437 0.03485228 0.03485228 0.03485228 0.04590489 0.06414142 0.06414141 0.05119465 0.01075018 0.03637397 0.1148667 0.06860612 0.1310311
-9999 -9999 -9999 -9999 -9999 -9999 -9999 -9999 -9999 -9999 -9999 -9999 -9999 -9999 -9999 -9999 -9999 -9999 -9999 -9999 -9999 -9999 -9999 -9999 -9999 -9999 -9999 0.2463903 0.2463904 0.2463907 0.1540187 0.06980014 0.06979764 0.06979764 0.06979764 0.06979764 0.02324264 0.02321339 0.02321339 0.02321339 0.02321339 0.0232025 0.01614695 0.01614695 0.01614695 0.01614695 0.01614695 0.01614695 0.01465709 0.008683312 0.008683312 0.008683312 0.008683312 0.008683311 0.008683307 0.008683312 0.008683312 0.008683312 0.0239514 0.03220808 0.181241 0.03485233 0.03485233 0.04288423 0.06414149 0.06414149 0.03539301 0.01075018 0.01099805 0.03067948 0.03276754 0.03276754
-9999 -9999 -9999 -9999 -9999 -9999 -9999 -9999 -9999 -9999 -9999 -9999 -9999 -9999 -9999 -9999 -9999 -9999 -9999 -9999 -9999 -9999 -9999 -9999 -9999 -9999 -9999 0.2463903 0.2463904 0.2463904 0.2401039 0.07842761 0.06979761 0.06979761 0.06979761 0.06979761 0.02328771 0.02321334 0.02321334 0.02321334 0.02321334 0.02320314 0.01614696 0.01614696 0.01614696 0.01614696 0.01614696 0.01614696 0.0146521 0.008683311 0.008683311 0.008683311 0.008683311 0.008683311 0.008683311 0.008683301 0.008683309 0.008683311 0.01241747 0.01874319 0.3683109 0.1774522 0.07649519 0.0458476 0.06414145 0.06414145 0.05706223 0.02259854 0.01130271 0.01621113 0.03174536 0.03276751
-9999 -9999 -9999 -9999 -9999 -9999 -9999 -9999 -9999 -9999 -9999 -9999 -9999 -9999 -9999 -9999 -9999 -9999 -9999 -9999 -9999 -9999 -9999 -9999 -9999 -9999 0.2463902 0.2463902 0.2463902 0.2463902 0.2463902 0.08593663 0.06979758 0.06979758 0.06979758 0.06979758 0.02321521 0.02321336 0.02321336 0.02321336 0.02321336 0.02321336 0.02586447 0.02583811 0.02581687 0.02574642 0.02570333 0.02569257 0.01576115 0.01423136 0.01428006 0.0143289 0.01410297 0.01356198 0.01082997 0.008683302 0.008683302 0.008683302 0.008683302 0.01356923 0.5678162 0.5678162 0.4587711 0.05764854 0.07677594 0.07515465 0.04896436 0.04788858 0.04281285 0.0117677 0.01682096 0.03281599
-9999 -9999 -9999 -9999 -9999 -9999 -9999 -9999 -9999 -9999 -9999 -9999 -9999 -9999 -9999 -9999 -9999 -9999 -9999 -9999 -9999 1.28772 1.28772 0.02207305 0.2295818 0.1944275 0.1626116 0.1708652 0.1646783 0.164797 0.1642064 0.03468523 0.02207306 0.02208655 0.02207784 0.02207306 0.02321326 0.02321338 0.02321336 0.02321337 0.02321338 0.02321338 0.02788733 0.02788733 0.02788733 0.02788733 0.02788733 0.02788733 0.01602681 0.01545292 0.01545292 0.01545292 1.355935 0.01545292 0.01486673 0.01054438 0.01021149 0.008767983 0.008683301 0.01332915 0.5678157 0.5678157 0.5525339 0.1809833 0.07901234 0.06928494 0.03634905 0.03620214 0.03816228 0.03614213 0.03515898 0.04816725
-9999 -9999 -9999 -9999 -9999 -9999 -9999 -9999 -9999 -9999 -9999 -9999 -9999 -9999 -9999 1.016093 -9999 1.016093 1.016093 1.28772 1.28772 1.28772 1.216305 0.03961607 0.04751176 0.03263183 0.02207305 0.02207305 0.02207305 0.02207305 0.02207305 0.02207305 0.02207305 0.02207305 0.02207305 0.02207305 0.02321336 0.02321336 0.02321337 0.02321336 0.02321336 0.02321336 0.02788731 0.02788731 0.02788731 0.02788731 0.02788731 0.02788731 0.01661306 0.0154529 0.0154529 0.0154529 0.0154529 0.0154529 0.0154529 0.0154529 0.0154529 0.01379515 0.00895903 0.01331394 0.5678158 0.5678158 0.5678158 0.323949 0.07980303 0.07433262 0.03738731 0.03620216 0.03883482 0.04544317 0.04544317 0.05143896
-9999 -9999 -9999 -9999 -9999 -9999 -9999 -9999 -9999 -9999 -9999 -9999 -9999 -9999 0.09016742 1.016093 1.016093 1.016093 1.016093 1.063492 1.202389 0.9865863 0.1976955 0.02207303 0.02207303 0.02207303 0.02207303 0.02207303 0.02207303 0.02207303 0.02207303 0.02207303 0.02207303 0.02207303 0.02207303 0.02207303 0.02321333 0.02321333 0.02321333 0.02321333 0.02321333 0.02321333 0.0278873 0.02788731 0.02788731 0.0278873 0.0278873 0.0278873 0.02707664 0.01859444 0.01788577 0.01765142 0.01545289 0.01545289 0.01545289 0.01545289 0.01545289 0.01545289 0.01253109 0.01648225 0.5674427 0.5554211 0.4748895 0.1254522 0.07980296 0.07311072 0.03776249 0.03620211 0.03937011 0.04544316 0.04675948 0.05487549
-9999 -9999 -9999 -9999 -9999 -9999 -9999 -9999 -9999 -9999 -9999 -9999 -9999 0.09016743 0.09016743 0.7441887 0.7780192 0.6106084 0.5490742 0.6703324 0.2902882 0.02870159 0.02207303 0.02207303 0.02207303 0.02207303 0.02207303 0.02207303 0.02207303 0.02207303 0.02207303 0.02207303 0.02207303 0.02207304 0.02207303 0.02207303 0.02260587 0.02260587 0.02260587 0.02260587 0.02260617 0.02262961 0.02788732 0.02788731 0.02788731 0.02788731 0.02788731 0.02788731 0.02788731 0.02690038 0.02569068 0.01991452 0.01545292 0.01552561 0.01593763 0.01563132 0.01545292 0.01545292 0.01545292 0.01748345 0.1597346 0.1481356 0.01942781 0.07655448 0.07980306 0.06645006 0.03620217 0.03620217 0.04253528 0.04536836 0.0467867 0.05515894
-9999 -9999 -9999 -9999 -9999 -9999 -9999 -9999 -9999 -9999 -9999 0.6695374 0.6681385 0.09016741 0.09016746 0.1003403 0.1068706 0.09016741 0.09016741 0.100721 0.1522187 0.02959408 0.02207305 0.02207305 0.02207305 0.02207305 0.02207305 0.02207305 0.02207305 0.02207305 0.02207305 0.02207305 0.02207305 0.02207305 0.02207305 0.02207305 0.02207305 0.02207305 0.02207305 0.02207305 0.02207305 0.02207305 0.02788731 0.0278873 0.0278873 0.0278873 0.0278873 0.0278873 0.0278873 0.0278873 0.0278873 0.02615773 0.02402477 0.02208403 0.01830257 0.01820805 0.01798055 0.01545405 0.01545325 0.01564679 0.009440715 0.009440715 0.0403279 0.079803 0.079803 0.07175562 0.03953448 0.03495341 0.03542794 0.03464745 0.03493946 0.04487196
-9999 -9999 -9999 -9999 -9999 -9999 -9999 -9999 -9999 -9999 -9999 0.6617641 0.6385722 0.1200767 0.09016738 0.09016738 0.09016738 0.09016738 0.09016738 0.09016738 0.09016738 0.08103379 0.04960486 0.02207306 0.02207306 0.02207306 0.02207306 0.02207306 0.02207306 0.02207306 0.02207306 0.02207306 0.02207306 0.02207306 0.02207306 0.02207306 0.02207306 0.02207306 0.02207306 0.02207306 0.02207307 0.02207306 0.02788732 0.02788731 0.02788731 0.02788731 0.02788731 0.02788731 0.02788731 0.02788731 0.02788731 0.02788731 0.02623939 0.0191227 0.01830261 0.01830261 0.01830261 0.01830261 0.01830261 0.01822353 0.009440723 0.009440723 0.01482003 0.0427233 0.05229761 0.03973448 0.03892914 0.03315559 0.03315559 0.03315559 0.03315559 0.03358215
-9999 -9999 -9999 -9999 -9999 -9999 -9999 -9999 -9999 -9999 -9999 0.4063492 0.5117981 0.2867106 0.09016743 0.09016743 0.09016743 0.09016743 0.09016743 0.09016743 0.09016743 0.07139015 0.02782968 0.02207303 0.02207303 0.02207303 0.02207303 0.02207303 0.02207303 0.02207303 0.02207303 0.02207304 0.02207303 0.02207303 0.02207303 0.02207303 0.02207303 0.02207303 0.02207303 0.02207303 0.02207304 0.02207302 0.02788729 0.02788729 0.02788729 0.02788729 0.02788729 0.02788729 0.0278873 0.0278873 0.02788729 0.02788729 0.02106959 0.0183026 0.0183026 0.0183026 0.0183026 0.0183026 0.0183026 0.0182245 0.009440712 0.009440712 0.009440712 0.009440712 0.009440712 0.00946963 0.02867399 0.0331555 0.0331555 0.0331555 0.08452344 0.1727438
-9999 -9999 -9999 -9999 -9999 -9999 -9999 -9999 -9999 -9999 -9999 0.1959128 0.1953345 0.1235305 0.1067237 0.09033231 0.09016749 0.09016749 0.09016749 0.08108843 0.06871095 0.03074881 0.02276256 0.02276142 0.02276256 0.0224252 0.02057127 0.02056661 0.02056661 0.02139554 0.02049022 0.02056661 0.02056706 0.02040976 0.02032949 0.02032949 0.02032949 0.02032949 0.02032949 0.02032949 0.02032949 0.02094865 0.02788734 0.02788734 0.02788734 0.02788734 0.02788734 0.02788734 0.02788734 0.02458039 0.01869473 0.01920717 0.0187785 0.01830262 0.01830262 0.01830262 0.01830262 0.01830262 0.01830262 0.01822639 0.009440733 0.009241379 0.008558645 0.00942964 0.008966734 0.009914759 0.02817813 0.03315557 0.03315557 0.05146597 0.1905131 0.193261
-9999 -9999 -9999 -9999 -9999 -9999 -9999 -9999 -9999 -9999 0.1959129 0.1959129 0.1959128 0.1959128 0.1822024 0.06380934 0.02451013 0.02741417 0.05487023 0.03816565 0.02725331 0.02725331 0.02725331 0.02725331 0.0267958 0.01800651 0.01077338 0.0107551 0.0107551 0.01075511 0.01075511 0.0107551 0.0107551 0.009575952 0.008973645 0.008973645 0.008973645 0.008973645 0.008973645 0.008973645 0.008973645 0.008973647 0.02788731 0.02788731 0.02788731 0.02788731 0.02788731 0.02788731 0.02788731 0.02609929 0.01992228 9.588133 0.01830261 0.01830261 0.01830261 0.01830261 0.01830261 0.01830261 0.01830261 0.01818928 0.005008711 0.004918713 0.004783263 0.006073832 0.004697189 0.004623951 0.006014266 0.01584435 0.01419301 0.04695864 0.1879071 0.1883494
-9999 -9999 -9999 -9999 -9999 -9999 -9999 -9999 -9999 -9999 0.1959129 0.195913 0.1959126 0.1943041 0.08249138 0.005529498 0.005529498 0.005529498 0.005529498 0.0145968 0.02725329 0.02725329 0.02725329 0.02725329 0.01846511 0.01075511 0.01075511 0.01075511 0.01075511 0.01075511 0.01075511 0.01075511 0.01075511 0.009574546 0.008973648 0.008973648 0.008973648 0.008973648 0.008973648 0.008973648 0.008973648 0.008973649 0.02871201 0.0287124 0.02871228 0.0287124 0.0287124 0.02871275 0.02871521 0.0286143 0.02318846 0.01830258 0.01830258 0.01892432 0.02050396 0.02054215 0.0206291 0.02078156 0.02094001 0.02096785 0.004623954 0.004623954 0.004623954 0.004623954 0.004623954 0.004623954 0.004637334 0.005271368 0.008034918 0.00824032 0.07794213 0.06601952
-9999 -9999 -9999 -9999 -9999 -9999 -9999 -9999 -9999 -9999 0.1324241 0.1959129 0.1959126 0.1826954 0.04690591 0.005529487 0.005529487 0.005529487 0.005529487 0.0176941 0.02725329 0.02725329 0.02725329 0.02725329 0.01314418 0.0107551 0.0107551 0.0107551 0.0107551 0.0107551 0.0107551 0.0107551 0.0107551 0.009573126 0.008973637 0.008973637 0.008973637 0.008973637 0.008973637 0.008973637 0.008973637 0.008973637 0.02902782 0.02902782 0.02902781 0.02902787 0.02902787 0.02902782 0.02902782 0.02902782 0.02901764 0.0242778 0.0212309 0.02654335 0.02902782 0.02902782 0.02902782 0.02902782 0.02902782 0.02882826 0.004623954 0.004623954 0.004623954 0.004623953 0.004623955 0.005380218 0.007273737 0.007581411 0.008240311 0.008240311 0.008748412 0.02364571
-9999 -9999 -9999 -9999 -9999 -9999 -9999 -9999 -9999 0.07593124 0.07593124 0.195913 0.1959126 0.1427746 0.005529494 0.005529494 0.005529494 0.005529494 0.006993702 0.01837149 0.02725326 0.02725326 0.02725326 0.02725326 0.01508655 0.01075512 0.01075512 0.01075512 0.01075512 0.01075512 0.01075512 0.01075512 0.01075512 0.009571726 0.008973649 0.00897365 0.008973649 0.008973649 0.008973649 0.008973649 0.008973649 0.008973649 0.02902787 0.02902787 0.02902787 0.02902787 0.02902787 0.02902787 0.02902787 0.02902787 0.02902787 0.02886577 0.02878116 0.02902787 0.02902787 0.02902787 0.02902787 0.02902787 0.02902787 0.02880805 0.004623949 0.004623949 0.004623949 0.004623953 0.00462395 0.00627133 0.00824031 0.00824031 0.00824031 0.00824031 0.008718248 0.01084933
-9999 -9999 -9999 -9999 -9999 -9999 -9999 -9999 -9999 0.07593124 0.07593124 0.07856149 0.1958072 0.1789639 0.03931271 0.008297309 0.004875263 0.00474005 0.01538058 0.02725333 0.02725333 0.02725333 0.02725333 0.02725333 0.01335857 0.01075514 0.01075514 0.01075514 0.01075513 0.01075514 0.01075514 0.01075514 0.01075513 0.009570272 0.008973657 0.008973656 0.008973657 0.008973657 0.008973657 0.008973657 0.008973657 0.008973657 0.02902789 0.02902789 0.02902789 0.02902789 0.02902789 0.02902789 0.02902789 0.02902789 0.02902789 0.02902789 0.02902789 0.02902789 0.02902789 0.02902789 0.02902009 0.02898912 0.02894275 0.02864821 0.004661383 0.004649865 0.004643668 0.004643145 0.00464253 0.005257511 0.008240331 0.008240331 0.01242223 0.01684402 0.01729905 0.02124221
-9999 -9999 -9999 -9999 -9999 -9999 -9999 -9999 -9999 -9999 0.07593121 0.07593118 0.08934372 0.0759313 0.06976614 0.004906154 0.004556571 0.004556571 0.009382802 0.02574129 0.02725331 0.02725331 0.02725331 0.02320091 0.01077885 0.01075514 0.01075514 0.01075514 0.01075513 0.01075513 0.01075513 0.01075514 0.01075514 0.009549012 0.008973653 0.008973653 0.008973653 0.008973653 0.008973653 0.008973653 0.008973653 0.008973653 0.01002854 0.01007028 0.01003881 0.01002854 0.01006658 0.01000934 0.01003806 0.01005542 0.01003723 0.01002367 0.0100343 0.01003232 0.01000222 0.01000222 0.01000222 0.01000222 0.01000222 0.01000222 0.01000222 0.01000222 0.01000222 0.01000222 0.01000222 0.009990304 0.008240324 0.01037343 0.01875827 0.02141642 0.02141642 0.02141642
-9999 -9999 -9999 -9999 -9999 -9999 -9999 -9999 -9999 -9999 0.07593123 0.07593131 0.07593129 0.07593129 0.0873637 0.007186695 0.004556572 0.004556572 0.01519357 0.0404009 0.0281842 0.0272533 0.02480119 0.01181715 0.01075513 0.01075512 0.01075512 0.01047095 0.01021946 0.009486436 0.009708456 0.009732042 0.009732042 0.009145246 0.008851581 0.008851581 0.008851581 0.008851581 0.008851581 0.008851581 0.008851581 0.008851581 0.01000222 0.01000222 0.01000222 0.01000222 0.01000222 0.01000222 0.01000222 0.01000222 0.01000222 0.01000222 0.01000222 0.01000222 0.01000222 0.01000222 0.01000222 0.01000222 0.01000221 0.01000221 0.01000222 0.01000222 0.01000222 0.01000222 0.01000222 0.009999732 0.01001091 0.01258679 0.0170531 0.02081572 0.02141641 0.02141641
