Downloaded_Data/glds95ag30.asc
ncols         720
nrows         286
xllcorner     -180
yllcorner     -58
cellsize      0.5000000000004
NODATA_value  -9999
[rows 32 to 63 of 286, columns 432 to 503 of 720]
5.998518 10.48827 13.91659 13.5919 0.3162475 -9999 -9999 -9999 -9999 -9999 -9999 -9999 -9999 -9999 0.078872 0.07887198 0.078872 0.078872 0.07887199 0.078872 -9999 -9999 -9999 -9999 0.07887196 0.078872 0.07887205 0.07887198 0.078872 -9999 -9999 0.078872 0.07887199 0.07887203 0.07887202 0.07887204 0.078872 0.078872 0.07887201 0.07887197 0.07887199 0.07887197 0.07887202 0.07887202 0.07887202 0.07887202 0.07887203 0.078872 0.07887206 0.07887201 0.078872 0.07887199 0.07887199 0.07887199 0.07887199 0.07887199 0.07887386 0.08257871 0.0869434 0.09475304 0.09641216 0.09641216 0.09735753 0.09641204 0.1102289 0.1102289 0.1102291 0.1102291 0.1102291 0.1102291 0.1102291 0.1102291
0.3162478 0.3162478 0.3162478 0.3162476 0.3162476 0.3162476 0.3162474 0.3162475 -9999 -9999 -9999 -9999 -9999 -9999 -9999 0.078872 0.07887199 0.07887194 0.07887194 0.07887199 0.07887203 0.07887199 -9999 -9999 -9999 -9999 -9999 0.078872 0.07887206 0.07887199 0.07887201 0.07887193 0.078872 0.07887197 0.078872 0.07887196 0.07887204 0.07887204 0.07887193 0.07887194 0.07887194 0.07887194 0.07887194 0.07887194 0.07887194 0.07887194 0.07887199 0.078872 0.07887194 0.07887194 0.07887194 0.07887194 0.07887194 0.07887194 0.07887194 0.2541068 3.159121 5.941432 4.816958 0.0961871 0.09641206 0.09641206 0.09641206 0.09641205 0.0968535 0.1092415 0.1102289 0.1102289 0.1102289 0.1102288 0.1102289 0.1102289
0.3162474 0.3162474 0.3162474 0.3162474 0.3162474 0.3162474 0.3162474 0.3162474 0.3162475 0.3162476 0.3162475 -9999 -9999 -9999 -9999 0.078872 0.078872 0.07887205 0.07887196 0.07887194 0.078872 0.078872 -9999 0.078872 0.07887202 0.07887197 0.07887197 0.07887205 0.07887205 0.07887205 0.07887205 0.07887205 0.07887205 0.07887205 0.07887205 0.07887205 22.39208 0.07887205 0.07887205 0.07887205 0.07887205 0.07887205 0.07887205 0.07887205 0.07887205 0.07887205 0.07887205 0.07887205 0.07887205 0.07887205 0.07887205 0.07887205 0.07887205 0.1718114 3.628469 6.339753 9.920532 9.920532 9.460452 7.633255 1.488275 0.09641203 0.09641203 0.09641203 0.09641203 0.09783249 0.1082571 0.1102289 0.1102289 0.1102289 0.1102289 0.1102288
0.3196185 0.3162481 0.3162481 0.3162481 0.3162481 0.3162481 0.3162481 0.3162481 0.3162481 0.3162481 0.3162473 -9999 -9999 -9999 -9999 0.07887198 0.078872 0.078872 0.078872 0.078872 -9999 -9999 -9999 0.07887201 0.07887201 0.07887201 0.07887201 0.07887201 0.07887203 0.07887201 0.07887201 0.07887201 0.08207186 0.0908146 0.0996512 0.1126715 0.1190853 0.1177104 0.1163353 0.1149602 0.113585 0.1122098 0.1108344 0.109459 0.1080835 0.1505284 0.1833158 0.1650628 0.1468063 0.1285465 0.1102833 0.984294 3.741588 7.003807 9.920533 9.920533 9.920533 9.920533 6.471678 2.871771 0.1434862 0.09641201 0.09641201 0.09641201 0.09641201 0.09641201 0.1022893 0.1102289 0.1102289 0.1102289 0.1102289 0.1102289
0.4947248 0.4618985 0.4319006 0.3991475 0.3662768 0.3526395 0.3575444 0.3624467 0.3293632 0.3162475 0.3162476 -9999 0.4842156 0.4842156 -9999 -9999 0.07887199 0.07887207 0.07887207 0.07887214 0.07887203 0.07887204 0.07887212 0.07887211 0.07887207 0.07887207 0.07887207 0.07887207 0.07887207 0.09835019 0.182214 0.3272034 0.4109824 0.411079 0.411079 0.4862568 0.5368959 0.5368959 0.5368959 0.5368959 0.5368959 0.5368959 0.5368959 0.5368959 0.5368959 1.275496 2.094676 2.094676 2.094676 2.094676 2.094676 2.544238 7.992771 9.92053 9.92053 8.447744 5.45223 2.664261 0.1106726 0.09641191 25.44525 23.54736 0.09641191 0.09641191 0.09641191 0.1145054 0.1325796 0.110229 0.1102289 0.1102289 0.1102289 0.1102289
0.5003285 0.5003288 0.5003286 0.5003282 0.5003281 0.500328 0.5003284 0.5003285 0.4592877 0.3286521 0.4842156 0.4842161 0.4842153 0.4842153 0.4842155 0.4842158 0.4031402 0.2921041 0.1978878 0.1251662 0.09644932 0.07887203 0.07887203 0.07887203 0.1161849 0.127884 0.1614669 0.2496119 0.3376181 0.4060675 0.4110794 0.4110794 0.4110794 0.4110794 0.4979251 0.9801026 0.7264037 0.5399734 0.5368963 0.5368963 0.5368963 0.5368963 23.18999 18.92219 0.5368963 1.246098 2.094673 2.094673 2.094673 2.094673 2.094673 2.094673 2.09575 4.122417 3.606304 0.2396958 0.1594331 0.1594331 0.1590017 0.1475163 0.1065719 0.09641206 0.09641206 0.09641206 0.09641206 0.1025757 0.1494796 0.2253754 0.2479441 0.2494681 0.2501516 0.25036
-9999 -9999 -9999 -9999 -9999 -9999 -9999 1.322016 1.322015 1.060041 0.5566675 0.4842162 0.4842162 0.4842162 0.4842162 0.4842162 0.4842162 0.4842162 0.4842162 0.4842162 0.484073 0.3950551 0.315105 0.3638901 0.4830515 0.4841505 0.4118947 0.4110801 0.4110801 0.4110801 0.4110801 0.4110801 0.4110801 0.4303515 1.062139 1.252388 1.252388 1.146734 0.767123 0.5781268 0.5769163 0.5890679 0.5760202 0.7249594 0.7480925 1.096595 2.049867 2.094677 2.094677 2.094677 2.094677 2.027391 1.309919 0.6353841 0.1594333 0.1594333 0.1594333 0.1594333 0.1594332 0.1594333 0.15932 0.142205 0.1166781 0.09641203 0.09641203 0.09641203 0.1034799 0.1846766 0.241319 0.2503599 0.2503599 0.2503599
4.551242 1.322016 1.322015 1.322016 -9999 -9999 -9999 1.322017 1.322017 1.322018 1.258907 1.023274 0.8636639 0.775185 0.6971768 0.619023 0.5415126 0.5070631 0.5078587 0.5096103 0.5113605 0.5131092 0.5148565 0.5166022 0.5183464 0.5200368 0.465631 0.4353624 0.4110802 0.4110802 0.4110802 0.4110802 0.4110802 0.6792163 1.24933 1.252389 1.252389 1.18455 0.9012992 0.9401813 0.9377674 0.9409033 50.79641 0.9409033 0.9409033 1.036911 1.527168 1.619291 1.976774 2.093356 1.521831 0.5549393 0.3241875 0.2242057 0.1594332 0.1594332 0.1594332 0.1594332 0.1594332 0.1594332 0.1594332 0.1594332 0.1586384 0.138936 0.1185301 0.09641223 0.09641223 0.09641223 0.1042485 0.2214057 0.2503601 0.2503601
1.322016 1.321397 1.321391 1.322016 1.322016 1.322016 1.322017 394.5124 1.322016 237.0763 1.322016 1.436049 1.276358 1.269164 1.269164 1.269164 1.269164 1.00086 0.52324 0.52324 0.52324 0.52324 0.52324 0.52324 0.52324 0.52324 0.52324 0.5210889 0.4900955 0.4430999 0.4110794 0.4110794 0.556033 0.8160225 1.158143 1.252388 1.252388 1.01535 0.9409004 0.9409004 0.9409004 0.9409004 0.9170901 0.8863279 0.8896412 0.8610016 0.6956444 0.6064364 0.4262126 0.6396057 0.3437891 0.3437891 0.3437891 0.2095911 0.1594332 0.1594332 0.1594332 0.1594332 0.1626236 0.1696559 0.162816 0.1603581 0.1594332 0.1594332 0.1445237 0.09679918 0.09641211 0.09641211 0.1303784 0.2503602 0.2503602 0.2503602
2.149539 2.089882 0.9486334 1.039617 0.9895908 1.131692 1.244261 95.89897 1.375416 98.14485 1.844497 2.088807 2.108095 1.998597 1.705847 1.286641 1.269166 1.258846 1.173229 0.6534657 0.5614123 0.5648757 0.568336 0.5717773 0.5588282 0.5643834 0.5870072 0.5907642 0.5941419 0.7178844 1.294176 2.268448 8.060027 7.849315 6.689462 2.171637 1.537722 1.571492 1.661768 1.526863 0.732317 0.6045946 0.3273927 0.3285202 0.3201079 0.3201079 0.3201079 0.3308575 0.3437893 0.3437893 0.3437893 0.3437893 0.3437893 0.3437748 0.3272526 0.2526035 0.2812597 0.3118629 0.3392405 0.2945892 0.2149309 0.2103461 0.1770069 0.1686174 0.1814851 0.1849855 0.1964026 0.1903346 0.2002301 0.2400881 0.2503602 0.2503602
1.989496 1.070923 0.9131047 0.9131051 18.75796 0.9131028 0.9417941 1.257721 2.408917 2.708182 2.133317 2.133112 2.133112 2.12593 1.489654 1.269164 1.269164 1.269164 1.269164 1.2428 1.05314 0.8320377 0.5956615 0.5952608 0.5952608 0.5952608 0.5952608 0.8407598 1.208176 1.395798 1.458265 1.458265 2.646288 9.71018 9.484338 25.59572 1.791714 1.791714 1.791714 1.554291 0.5934139 0.3201074 13.94657 0.33789 0.3722167 0.3201074 0.3208289 0.3420945 0.3437892 0.3437892 0.3437892 0.3437892 0.3437892 0.3437892 0.3437892 0.3437892 0.3437892 0.3437892 0.305325 0.2176038 0.2149309 13.94733 0.2149309 0.2149309 0.2149309 0.2149309 0.2149309 0.2149309 0.2149309 0.22391 0.2408972 0.2485682
1.770613 0.9131048 0.9131048 0.9131048 0.9131045 0.9131048 1.010049 2.672627 2.773971 2.599385 2.212612 2.122263 1.999248 1.858534 1.792906 1.524214 1.535336 1.491988 1.345757 1.270361 1.270764 1.270754 0.88847 0.60475 0.5952619 0.5952619 0.5952619 0.5952619 0.8162245 1.318489 1.458269 1.458269 1.458269 6.594352 10.20891 10.14459 7.048086 2.689791 1.775224 1.028976 0.9984903 0.6540053 0.4303062 0.4990969 0.6065104 0.5317528 0.3974422 0.3437892 0.3437892 0.3437892 0.3437892 0.3437892 0.3437892 0.3437892 0.3437892 0.3437892 0.3437892 0.7440965 1.198489 0.9320294 0.3799927 0.2149314 0.2149314 0.2149314 0.2149314 0.2149314 0.2149314 0.226847 0.2618516 0.3069102 0.3671471 0.4760963
2.797039 1.658856 1.580506 1.999895 2.086019 2.626532 2.652678 2.773971 2.773971 2.773971 2.773971 2.491282 1.867606 1.856379 1.831632 1.831632 1.670855 1.461639 1.338431 1.272304 1.272304 1.272304 0.9344485 0.5952614 0.7588428 1.395001 1.366225 4.114757 1.522967 1.458268 1.450861 1.430053 1.434238 1.525182 4.400245 6.650407 7.540063 5.414289 1.371102 0.6403995 0.6337467 0.6337467 0.6337467 0.6337467 0.6337467 0.6337467 0.611273 0.3658808 0.3437891 0.3437891 0.3437891 0.3437891 0.3437891 0.3437891 0.3437891 0.3437891 0.3437891 0.7672714 1.365355 1.365355 1.245139 0.8086027 0.5169635 0.2891929 0.3414729 0.3358434 0.3409274 0.3702196 0.3714324 0.3972344 0.7773987 0.8166285
2.322357 2.322357 2.32807 2.637577 2.773971 2.770716 2.771507 2.792808 4.342431 4.491165 3.385194 2.012489 1.932933 1.932548 1.917486 1.598662 1.273352 1.272305 1.272305 1.272305 1.467528 1.724805 1.609959 1.310004 1.679754 2.055138 2.540269 8.409123 6.515203 3.1492 1.591475 1.357278 1.357278 1.357278 1.357999 1.451194 1.453825 1.453825 1.299227 0.6636093 0.6337466 0.6337466 0.6337466 0.6337466 0.6337466 0.6337466 0.6284493 0.3851822 0.3437891 0.3437891 0.3438977 0.7442831 0.9766091 1.082495 1.110385 1.317195 1.385631 1.255313 46.59323 1.365354 1.365354 1.365354 1.12873 0.4049485 0.3714322 0.3714322 0.3714322 0.3714322 0.3760498 0.5199375 0.7576871 0.8166285
2.322358 2.328555 2.352603 2.38453 2.695843 2.677022 2.693252 3.383539 4.632132 4.632132 5.150749 4.994576 3.521826 3.580122 3.680038 2.927102 2.752943 2.36434 2.306262 2.070901 2.211682 2.267428 2.908878 2.697574 2.133925 2.105261 4.631612 5.973948 3.993792 102.8364 63.30799 1.357278 1.357278 1.365898 1.444795 1.453825 1.453825 1.453825 1.453825 1.32866 0.9434124 0.6337466 0.6337466 0.6414508 0.6732576 0.7714957 1.113205 1.166647 0.7744192 0.7899191 2.020883 2.579078 2.579817 2.579817 2.579817 2.579817 2.579817 2.168333 1.934167 1.854494 1.365353 1.365353 1.359171 0.9821316 0.3867822 0.3714322 0.3714322 0.3714322 0.4287029 0.7322894 0.816628 0.816628
2.653362 2.689846 2.716924 2.708322 2.674689 2.679236 2.969892 3.440905 3.934122 3.959454 6.105083 6.542478 6.542478 6.232632 3.513158 3.385765 3.385765 3.385765 3.284634 3.101646 3.305203 55.33318 30.39484 2.580075 2.410578 2.382125 2.638013 3.130996 3.24128 3.623654 3.175551 1.378333 1.357279 1.391139 1.453256 1.453825 1.453825 1.453825 1.503151 1.592425 1.593985 1.789241 1.858383 1.883832 1.885548 1.937293 1.764013 1.468465 1.468465 1.468465 1.468465 1.611733 1.940827 2.40777 2.579816 2.579816 2.579816 2.579816 2.426565 1.58174 0.7966016 0.7582431 0.5005792 0.3714322 0.3714322 0.3714322 25.21068 0.3714322 0.3714322 0.4096822 0.8581722 0.844386
2.716924 2.764392 2.818895 3.052352 3.3149 3.489516 3.87547 3.874018 3.874022 3.874022 4.013566 4.829119 5.076738 4.779505 3.290462 3.236138 3.067019 2.868665 3.117517 3.277825 34.92773 3.283545 5.052776 5.377477 4.296435 2.056121 2.241803 2.782581 2.388928 1.861871 1.475742 1.237675 1.396397 1.412063 1.419537 1.428255 1.42468 1.427142 1.777579 1.885549 1.885549 1.888093 1.920141 1.923938 1.919576 1.960915 4.396086 5.245934 2.820469 1.468466 1.468466 1.468466 1.468466 1.650935 2.547046 2.394371 1.804002 1.291865 0.7369364 0.6876326 0.6793036 0.5118415 0.4335805 0.3714317 0.3714317 0.3834056 0.4240477 0.3817857 0.6050094 1.020406 1.10676 1.10676
3.150297 4.300382 4.500176 4.653373 4.546641 4.275689 4.350486 5.646001 5.234286 4.788187 3.479668 3.646 3.816715 3.510077 3.36496 3.14029 2.74263 2.904768 3.400869 3.419654 3.491082 4.454022 6.205712 6.113285 5.326204 2.512725 2.05479 2.05479 1.595154 1.155834 1.161202 1.752 2.995766 2.799072 2.680946 1.599737 1.418391 1.962236 2.233149 1.896878 1.892419 2.08428 1.982781 1.967571 1.967571 2.401413 13.34018 15.26018 7.513434 1.824344 1.672566 0.869037 0.5671665 0.637599 0.749019 0.6779282 0.6876317 27.89005 0.6876317 0.6876317 0.6876317 0.6876317 0.640081 0.4238578 0.4379774 0.66519 0.6695333 0.4191917 0.7334782 1.105182 1.10676 1.10676
3.218714 4.736897 4.871276 5.155128 5.356444 5.367733 8.059052 5.079417 5.904187 4.366899 3.764128 3.54782 3.539708 3.403799 2.582119 2.482833 2.476816 3.926306 4.155491 3.778639 3.657084 3.629914 3.293005 3.14131 2.899351 3.371245 2.131831 2.059042 1.783979 1.948025 2.053659 3.954903 4.752852 4.752852 4.740958 4.323945 4.432845 3.962745 3.547458 3.368336 3.123744 72.19341 2.589045 4.522944 5.190217 7.168199 9.518109 9.017005 69.40656 50.89159 3.101313 1.210333 0.5264226 0.5264226 0.5264226 0.6058999 0.687632 0.687632 0.687632 0.6876323 0.687632 0.687632 0.687632 0.687632 0.687632 0.665306 0.497439 0.4111148 0.409395 0.540794 0.7430285 0.9083399
3.707515 6.070039 6.326245 227.8631 10.40601 13.01278 12.18706 203.8232 36.97574 3.623349 4.303018 4.240468 3.975288 3.855334 3.267753 2.621322 3.145402 4.043448 4.041864 4.296884 4.791272 4.87912 3.918231 3.88589 4.813036 7.38404 7.076419 6.082355 3.283659 2.828204 3.612859 5.137899 6.798705 5.967391 3.942648 4.34961 26.43839 6.377972 7.258259 6.622472 5.233961 112.3936 17.34648 13.18219 21.49509 12.85877 5.974052 5.326705 4.646536 5.81962 3.305386 2.583783 1.350188 1.014291 0.5294019 0.5629357 0.6432307 0.6511866 0.676112 0.6876318 0.6876318 0.6876318 0.7409084 0.7736166 0.5557848 0.4278268 0.4171333 0.4171333 0.4171333 0.4171333 0.4171333 0.4171333
6.701437 7.20044 8.158422 7.301444 7.398776 7.98468 8.124393 8.608466 9.748114 10.23882 5.088386 3.647768 4.526286 4.493675 4.202397 3.494821 2.787387 2.972177 3.320662 3.687826 4.814046 5.212451 4.729375 4.837021 5.522479 10.77207 41.67868 241.4981 88.84416 6.684895 7.120393 9.593284 11.60009 8.393908 3.457733 4.311329 7.995421 8.58481 9.584005 9.984279 11.58896 12.10164 18.64494 31.46539 14.4182 5.307628 25.69402 29.38882 8.904512 4.501287 4.274331 3.90228 3.726786 4.546087 3.603645 0.9832535 0.6401725 0.628775 0.7917096 0.9087993 0.8452129 1.128977 1.493281 1.466984 0.8990487 0.7450597 0.5269452 0.4793036 0.672566 0.6780394 0.4171331 0.4171331
7.185998 8.059879 11.24034 8.822815 9.924438 15.42477 11.93226 11.95365 12.27127 12.67614 17.57317 20.7098 19.60134 4.97778 4.305987 11.17087 3.590506 16.85112 4.222229 30.57099 7.040836 5.564018 5.856236 6.834527 29.1259 12.44295 19.70869 65.77069 25.05216 13.00392 10.96765 9.630678 13.09284 77.73463 13.00056 10.87487 15.35185 16.24582 19.22556 60.839 265.0346 188.8987 7.981371 83.24448 5.944582 5.550723 22.92313 40.12958 28.70078 52.34292 3.928623 4.546083 4.546083 5.303769 5.761673 5.761693 3.757034 1.430136 30.55984 1.704584 1.685957 2.081101 2.087292 1.500093 74.99016 1.498335 1.385 1.389327 1.562076 2.197013 1.823731 0.7537695
7.62287 25.49529 11.63567 10.8498 10.94044 165.7392 41.26522 416.4526 20.97193 188.4162 43.80229 16.49149 11.93338 8.599636 5.705868 5.973903 5.765318 5.836285 8.073358 11.33495 19.70183 14.20518 7.214203 7.761092 8.050319 10.70324 10.84896 11.73657 8.586446 5.941355 6.487237 7.307115 11.48093 12.70226 17.71773 13.54527 11.45448 13.2545 20.59369 30.51819 195.3117 67.56125 8.332155 6.962306 5.368407 5.844546 6.757824 141.9936 138.6269 5.691275 25.32157 17.78098 7.334226 7.482482 38.51462 7.846286 7.238442 4.441423 2.641556 3.188102 3.582333 3.77598 4.078859 2.433908 1.568341 1.543161 1.560816 1.560816 1.589029 2.372169 2.585051 2.456278
7.612711 7.492536 7.797697 23.12496 35.4217 10.20558 38.07912 21.76588 23.59639 129.7482 87.82534 64.48613 83.35603 23.36616 14.09196 9.531039 10.54177 10.24491 12.29789 15.73363 10.05207 9.920031 10.45696 15.55192 15.99326 16.38986 15.90414 12.18731 10.93325 6.744012 8.447997 9.321622 12.44326 18.15231 17.7593 15.90713 76.07785 10.13241 14.49445 14.55886 10.17894 56.72429 11.71767 10.9939 7.592892 7.533129 13.33268 44.97195 36.38605 47.36484 69.00842 67.3168 13.47856 8.935311 11.48509 12.40606 10.05394 9.672222 15.48097 342.7111 9.948063 4.589824 4.057463 3.701123 2.357597 2.385988 2.809751 2.085448 2.16982 3.38169 2.786789 1.533303
64.10242 50.05078 99.48895 25.5826 27.76221 35.99399 15.38835 17.44715 16.97316 159.6554 120.1583 22.32469 16.14544 18.14281 62.41936 56.36176 17.17193 16.49906 9.992716 8.516539 7.639845 6.481275 10.21905 180.1773 21.07673 21.38565 24.69431 20.56546 17.15184 12.567 9.203304 12.01813 15.12375 22.69312 408.6467 84.88055 65.20802 9.834182 10.73881 13.36129 17.78489 9.963205 11.9213 39.02843 11.22591 14.08313 21.71129 58.94048 331.7029 585.3884 51.89161 46.94278 39.92113 29.55828 12.1548 14.07738 11.50518 8.831395 12.12037 13.4606 30.81789 6.884569 6.274472 5.396619 5.753179 5.460183 4.723457 4.622751 4.57076 4.967484 4.486497 1.926056
25.14396 123.1653 47.77777 101.0551 156.9551 81.77919 55.10472 20.35308 245.9571 29.62377 114.2466 23.20568 50.78965 28.12611 79.26943 948.5306 221.9791 23.46771 19.97282 12.51927 15.83405 36.10622 299.1634 95.67989 19.07587 21.11202 24.15969 29.27735 26.59194 31.62548 57.86411 10.28032 42.9883 19.02014 19.35868 16.32995 95.50975 15.51598 23.35785 18.46563 19.35843 11.07333 10.6307 11.02444 13.87245 13.30906 11.47185 25.74352 42.19559 23.97338 13.11329 96.96347 41.00469 11.64021 10.97897 63.51764 9.576091 9.477083 8.830403 8.216677 7.827909 23.35206 6.620046 6.552341 6.862775 7.093091 44.60649 6.651823 6.974651 6.782179 4.172686 4.164199
47.907 115.1792 2085.272 4358.539 452.2641 188.9213 55.91771 56.07526 28.14072 62.31438 17.48964 40.4202 81.34301 27.42837 67.20905 23.6959 22.86575 24.01072 24.44368 22.61306 30.44074 38.58833 44.905 48.21648 78.98055 179.8452 609.3015 22.50522 21.20633 20.68413 19.2183 137.698 384.9631 19.48054 18.00797 14.33021 27.13371 18.25045 18.01369 15.85051 13.84479 8.763498 8.854227 9.988525 13.63517 10.24856 8.564048 12.54476 36.18176 39.83976 13.60467 11.26593 11.89535 11.81158 12.26801 9.038445 11.81392 12.24254 10.42262 7.970292 8.2473 5.798321 5.383281 4.532199 4.655846 4.880765 7.754393 7.308087 5.319116 4.635911 11.88789 3.885355
65.91389 143.1849 114.6515 379.4357 79.05987 170.5417 73.42931 24.02259 14.15062 12.10776 16.36779 19.86055 64.25386 43.4953 18.18421 89.73995 23.9234 18.28935 20.77629 15.68216 38.3648 21.96555 65.54397 41.50449 24.97262 18.10436 22.36445 16.29167 14.67418 56.39755 16.40058 16.51378 32.99034 24.33294 16.73465 15.37659 17.66729 34.39904 16.52475 34.621 25.93815 8.742086 12.37487 14.06405 9.093946 12.35707 62.86616 86.5977 77.65399 17.67095 528.5041 257.4999 11.36697 10.89876 14.23152 9.528913 10.86962 13.8413 231.2675 11.59749 8.127674 7.841383 8.305799 8.873145 8.745235 8.053926 8.069182 7.727427 6.523347 6.489242 5.395966 7.124318
121.5934 24.2147 127.3293 31.15094 102.7737 97.90108 38.24066 317.0567 21.60903 13.40946 36.12828 12.19816 12.02048 17.67407 14.8082 17.10261 19.15431 17.7808 17.94856 23.24646 25.58727 39.99408 25.51593 29.10467 27.86953 20.5697 12.90244 12.73156 17.55493 26.29618 17.87957 14.30562 96.52463 105.0932 39.30223 75.40565 17.95226 15.65807 18.49441 155.4654 515.3907 14.6249 34.73196 9.015114 39.76435 8.272234 34.73432 34.46496 55.39744 11.88737 82.66599 16.32791 9.631775 8.812819 8.150659 8.075155 9.787958 10.2735 11.48744 7.456486 7.01321 7.394021 7.699609 8.772595 9.610772 9.981115 146.3382 8.678873 8.994534 8.487036 22.27963 10.9071
116.5972 21.08683 69.8651 370.4271 28.58153 29.79208 20.91038 27.90834 18.21319 17.23744 15.83672 33.07298 15.8618 20.42771 20.70752 26.45659 17.10018 43.44468 220.5038 31.25847 24.47105 16.55679 15.39987 17.66364 359.8178 119.0762 14.85135 79.87997 14.87605 16.53979 15.76296 12.14273 11.49474 11.80102 25.47136 64.97584 56.09503 15.21621 29.89527 21.78612 22.23832 11.06049 6.577085 3.348911 41.87139 4.2671 8.400077 33.31085 13.00504 14.86819 36.49718 51.64448 8.221952 7.726184 7.451784 7.380186 7.760154 7.728126 6.453571 5.650987 6.122373 6.272321 7.450215 9.295119 9.790237 9.294974 8.051439 8.693643 9.359925 7.581346 7.534413 7.711842
26.16472 13.62215 30.67004 86.49101 216.452 38.38192 19.71355 45.6954 22.78846 14.1301 14.27856 15.48682 18.37038 20.32769 19.71914 34.00135 16.67615 19.2701 16.82006 19.4452 19.34573 15.90893 26.83781 13.33453 11.86781 21.45596 95.73338 12.27189 14.14604 16.59717 17.11199 12.58391 55.31523 8.969839 10.25455 23.31874 12.44806 16.49858 17.30228 16.19692 152.4471 8.190452 4.860471 3.262806 17.71603 8.905003 14.12966 10.44471 9.285846 8.407021 8.056493 11.90892 7.388452 6.954716 7.647424 8.795084 7.132132 6.70402 5.883096 6.173394 5.640195 5.834617 8.716693 9.080135 8.765297 8.443313 8.184772 10.49776 6.673363 6.437749 5.181785 4.871956
21.17247 42.83444 15.44839 15.65245 45.17835 14.79541 32.07305 23.69193 28.02127 21.01358 20.95369 44.98134 16.94695 16.95613 16.68421 24.21572 30.87299 126.4175 221.179 26.50826 18.4086 75.38617 15.41845 15.0229 106.8894 32.65213 427.1119 77.97205 686.5654 39.42541 43.36278 13.01353 10.37336 10.10357 10.00163 9.224013 9.736032 10.74708 11.31533 96.04489 47.15341 6.944022 3.393806 3.626159 7.679458 113.7352 151.3726 9.203248 5.979681 26.69611 8.748868 8.287636 7.545088 9.967407 60.42698 132.6545 5.718251 5.681737 5.921746 6.125889 6.406736 7.064488 7.860486 8.689904 8.396737 9.008622 79.52025 14.04877 17.83764 6.08004 5.053889 4.08999
