Downloaded_Data/glds90ag30.asc
ncols         720
nrows         286
xllcorner     -180
yllcorner     -58
cellsize      0.5000000000004
NODATA_value  -9999
[rows 64 to 95 of 286, columns 576 to 647 of 720]
2.427148 2.217741 1.892727 1.753571 1.696148 1.010897 0.6696928 0.6696928 0.669693 0.669693 0.669693 0.9811153 3.292683 2.410843 0.771894 1.39545 5.368951 4.149966 3.901958 3.01501 2.576063 2.244151 1.535117 0.7673263 1.729482 2.533628 3.066065 5.289075 6.112213 5.563594 5.749191 7.816638 7.892743 7.895894 7.895894 5.520776 2.426057 2.042235 1.640661 0.8307503 0.4655217 0.6897495 0.7490485 0.7395158 0.4644922 0.4333375 0.4333375 0.4333375 0.4333375 0.4333375 0.4785005 0.4961764 0.442452 0.302383 0.2194444 0.1611507 0.2167917 0.2211566 0.2211566 0.2211566 0.2211566 0.2787791 0.4298847 0.5440862 0.8914637 1.277721 1.441713 1.419214 1.465306 1.542469 1.504766 -9999
4.893358 3.825427 1.69894 1.780474 1.576626 1.212944 1.356992 1.24508 1.92307 3.212342 201.125 4.004227 4.118375 4.851544 5.908249 5.646706 6.97644 4.994245 2.670602 2.40957 2.253807 1.462149 1.116278 0.8148046 1.325363 2.225937 2.593131 5.97437 8.802258 6.792697 5.464604 5.40247 6.167157 5.968865 6.026446 5.357805 4.454712 0.8719462 0.6539143 14.88979 0.6539353 0.7339681 0.749047 0.7189636 0.5435821 0.4902762 0.4333369 0.4333369 0.4333369 0.5052662 0.6284771 0.7479489 0.7420219 0.4385443 0.2315374 0.2211559 0.221156 0.4001729 1.041728 0.7503136 0.728503 0.8814228 0.8904242 0.8904252 0.8904244 1.048603 1.441714 1.41951 1.484421 1.839637 1.839638 -9999
8.373162 7.435068 5.199503 2.703056 2.713199 2.70852 2.674801 2.661263 3.035018 3.122345 3.600278 4.332973 4.729543 4.859994 8.037275 9.503183 6.488642 16.08343 2.575672 2.930708 1.24854 0.8040143 1.356074 1.650575 2.094205 2.535457 3.085546 8.23745 8.819279 7.780478 5.347463 5.347463 5.347463 5.471782 6.685807 5.456979 5.294232 1.971886 1.116244 1.694369 1.960765 0.9831029 0.7490469 0.7490469 0.7490469 0.7174568 0.5625197 0.586682 0.6554597 0.7479393 0.747949 0.747949 0.747949 0.7937499 0.8205455 1.017891 1.071493 1.39135 1.579838 1.372921 0.9208215 0.8904265 0.8904265 0.8904263 0.8904265 0.9149803 1.27094 1.592789 1.627423 1.83458 1.839638 -9999
6.196558 17.72485 2.83377 2.694678 2.665862 2.652355 2.455015 2.314045 2.13327 2.448477 3.677038 4.586951 4.975635 4.792378 4.64765 6.672367 8.748872 6.67937 2.467871 2.303576 1.972606 3.281664 2.063273 2.001514 3.338017 4.99973 7.821794 8.819273 8.819273 8.500529 7.773436 8.10848 8.068515 8.241749 8.395102 7.635082 7.531938 4.671003 2.054401 2.962927 49.2909 8.247117 3.78099 1.151401 1.313803 1.243064 0.8456039 0.7479494 0.7479494 0.7479494 0.7479494 0.7479494 0.9467469 1.55842 1.57984 1.57984 1.579839 1.57984 1.541485 1.426501 1.29966 1.236978 0.99568 0.9189913 0.8904262 0.9087899 -9999 -9999 1.755695 3.966544 2.329287 1.839638
4.353909 2.734007 2.196703 1.881431 1.78367 1.625073 1.961769 2.128595 2.149869 2.257905 2.326751 2.393903 3.64381 4.935823 4.962636 8.016167 8.879823 4.645524 3.588361 2.361642 2.864126 5.175451 4.511925 2.642979 3.070551 7.671955 10.47009 13.32841 11.25117 8.403346 8.395106 8.395106 8.395106 8.395106 8.395106 17.38378 20.3236 11.03605 7.984853 8.867248 49.89039 7.771316 4.148309 3.201006 1.911435 1.888506 0.7479509 0.7479509 0.7479509 0.7479509 0.7479509 0.7479509 0.848734 1.448004 1.579841 1.672424 1.602533 31.64237 141.8097 1.428437 1.428437 1.655308 2.063482 2.043155 1.874567 2.014367 -9999 -9999 16.09721 4.27911 3.719456 1.839639
1.899602 0.9043291 0.8518561 0.8518561 0.8518561 0.926698 1.892287 1.687243 1.640656 1.93409 1.933494 1.763479 1.883578 2.077815 3.06899 3.527385 3.736125 22.85343 3.668236 2.31916 39.97668 4.227248 4.313776 2.834559 2.741281 3.151871 14.91982 14.31823 9.120057 8.395103 8.395103 8.395103 8.395103 8.395103 13.56692 27.15027 11.62234 11.03604 10.27592 118.863 11.62285 7.561306 8.959784 8.712208 4.705282 3.054688 1.892147 0.7479494 0.7479494 0.7479494 0.9632309 1.697406 2.074982 2.757656 2.423775 2.382551 2.019966 33.87411 1.4972 1.428435 1.428435 1.552131 2.052406 2.066031 2.066031 2.066031 -9999 -9999 2.145356 3.226169 2.959707 2.225287
0.9690351 0.8518578 0.8518578 0.899341 0.9067796 1.05936 1.339332 1.206711 1.204368 1.245945 1.029158 0.7029853 0.6973238 0.6973238 0.7921841 1.10754 0.7561442 3.98588 31.56094 27.8436 2.163602 3.049498 3.141202 5.889225 3.570429 7.371854 15.48485 15.18787 12.58104 8.395098 8.395098 8.395098 11.07375 20.01756 27.12959 28.68498 22.7334 13.1461 14.61023 11.9176 8.152077 7.30856 12.79913 20.52891 2.548861 1.930371 1.727779 0.7479504 0.7485481 1.119323 2.617938 2.824158 2.824158 2.311441 1.970867 1.954209 1.438811 1.040181 0.9341308 1.164475 1.32144 1.7716 1.804345 2.064654 2.066031 2.066031 -9999 -9999 5.183652 3.064164 2.902529 2.953552
2.03779 1.019423 0.9369304 1.093653 1.114417 1.12829 1.059704 1.023868 0.8114799 0.6983581 0.6973248 0.6973248 0.6973248 0.6973248 0.6973248 0.6973248 0.9807413 1.39967 1.39967 23.66487 2.146065 3.099852 3.437029 47.63279 54.752 16.99433 15.48487 14.47155 8.685427 17.32993 19.97478 14.74547 24.02493 27.13127 28.20262 28.93914 31.53091 29.66592 23.54047 8.520873 5.357679 5.424094 8.185505 6.364779 1.930371 1.94602 2.284543 2.042634 2.683935 2.630334 2.875407 2.824159 2.82321 2.335701 1.798491 1.092737 0.8599786 0.8599786 0.8599786 0.8599786 0.8973627 1.725304 2.066034 2.02617 2.045598 2.066031 -9999 -9999 18.83638 3.967641 36.99429 2.984903
1.504361 1.383304 0.9714248 0.9714248 0.9714248 0.9714248 0.9714248 0.9714248 0.8800179 0.6973977 0.6973239 0.6973239 0.6973239 0.6973239 0.6973239 0.754536 1.331466 1.399668 1.399669 1.838559 2.001022 3.37136 6.699681 6.85627 6.85627 9.171268 15.30371 15.44667 19.32687 28.62652 29.17682 27.90838 30.62983 84.93172 76.40555 86.12679 35.61449 35.99792 34.65604 6.048314 5.357636 5.82587 29.78631 25.97999 10.92601 4.350032 3.147937 3.160985 3.239566 45.516 4.078691 3.708219 3.599944 2.897006 136.1743 2.443187 1.316229 1.046853 1.87299 1.396102 1.134304 1.766664 1.837476 1.760145 40.42186 -9999 -9999 6.447448 5.921465 9.002769 -9999 -9999
1.504362 1.479095 0.9978529 0.9714255 0.9714255 0.9714255 0.9714255 0.9714255 0.9714255 0.7255754 0.6973236 0.6973236 0.6973236 0.6973236 0.6973236 1.133746 1.399669 1.399669 1.399669 1.782151 1.962203 2.042691 4.172238 5.624642 6.856274 7.991905 15.79373 21.3575 21.1433 25.86408 33.001 57.64926 69.70564 93.9848 122.2302 138.0974 102.8558 77.72337 66.80057 43.55918 29.05843 41.27843 46.07818 80.24496 45.57911 16.75457 2.55163 3.598079 4.642211 4.202567 8.730151 11.63931 10.00072 4.407718 187.8316 2.375633 1.938164 1.783564 1.975201 0.8597551 0.7932323 1.570115 1.75959 1.75959 1.75959 -9999 -9999 -9999 5.193694 9.599193 -9999 -9999
1.477234 1.007672 0.9714254 0.9714254 0.9714254 0.9714254 0.9714254 0.9714254 0.8611771 0.7224662 0.691436 0.6960283 0.6973233 0.6973233 0.7007262 0.9612825 0.9272454 0.8649703 1.059237 0.8072217 0.6980919 1.114845 1.808629 2.389757 5.933935 17.49445 24.57549 25.29343 25.40252 56.56396 77.79633 228.6542 151.702 77.19468 130.1756 152.0068 151.0505 127.9567 123.1676 87.23964 60.95734 46.07823 46.07823 77.91817 109.4604 33.64182 19.00751 27.45235 29.94065 33.29368 34.50808 19.43391 12.15877 6.887053 4.933138 2.110792 2.093303 2.093303 2.08455 1.472291 0.8004612 1.351575 1.75959 1.75959 -9999 -9999 -9999 8.746375 6.741163 11.83958 -9999 -9999
1.493426 1.091909 0.9714262 0.9714262 0.9714262 0.9714262 0.9707067 0.7757373 0.6829086 0.666936 0.666936 0.6682943 0.6813772 0.6973221 0.6973246 0.6973246 0.6973246 0.6973246 0.6973246 0.6973246 0.6973246 0.6973246 0.8050037 3.548791 5.844129 11.51493 23.35258 30.74002 33.94497 76.32904 91.93128 259.9328 183.1198 68.77132 102.3591 150.1837 159.8056 182.9778 141.14 66.26012 65.96612 56.35604 46.24908 70.61742 119.7706 87.02473 82.86955 63.43971 55.1786 53.56823 35.36963 18.8486 11.36039 5.199326 4.601096 2.093306 2.093306 2.084436 1.94055 1.350227 0.7177649 0.895161 1.686684 -9999 -9999 -9999 -9999 8.869639 37.6526 85.47317 8.026523 -9999
1.556809 1.938631 1.09709 0.9714264 0.936588 0.9714264 0.8875654 0.6669358 0.6669358 0.6669358 0.6669358 0.6669358 0.6677818 0.6865749 0.6932762 0.6915858 0.692425 0.6973244 0.7139422 0.7847547 1.067595 1.156414 0.9864142 4.004412 14.11898 16.3495 19.77748 28.47683 33.71393 38.32352 65.97939 67.52891 40.40591 165.4571 138.1662 147.0041 182.9484 249.3633 202.175 84.6179 61.97868 59.30339 61.16742 109.0563 318.436 123.928 266.3722 78.92052 43.62064 41.16265 31.94775 20.01043 13.40412 1.841016 1.773415 1.81264 1.880207 1.812953 1.763311 1.631791 0.7169052 0.7169048 -9999 -9999 -9999 -9999 -9999 74.58149 12.86909 94.81214 5.48718 5.487178
1.289762 1.606992 0.7324378 0.7871311 0.5988983 0.875012 0.7419213 0.6577226 0.6669357 0.6669357 0.6669357 0.6669357 0.6669357 0.6669357 0.6669357 0.6669357 0.7349194 1.195307 1.305965 1.483925 1.483925 1.483925 1.464476 6.367269 20.21504 21.30524 27.00415 48.1851 102.1097 30.96566 60.59069 59.85065 83.3877 215.2513 158.6149 182.7292 201.0479 264.9083 200.6856 116.5927 66.53014 43.96677 56.65748 77.61095 86.65768 92.60688 84.59582 41.52269 37.29945 32.60323 27.33331 18.33751 1.733487 1.649017 1.611922 1.501043 1.505241 1.53535 1.44569 0.8985121 0.7169048 -9999 -9999 -9999 -9999 -9999 7.87311 7.873111 13.62853 -9999 5.487178 5.487178
0.806192 0.6579068 0.5540069 0.5540069 0.5540069 0.5540069 0.5540069 0.6087986 0.6669348 0.6669348 0.6669348 0.6669348 0.6669348 0.6669348 0.6669348 0.7247214 1.207111 1.483926 1.483926 1.483927 1.483926 1.483926 4.618945 14.98683 19.0395 25.20089 51.20316 71.23087 118.2886 138.5461 83.08163 79.24641 97.0296 170.5331 145.9543 173.9111 621.0071 1017.7 199.4575 134.794 100.6136 77.56547 65.39568 59.46581 65.46698 166.7849 212.5184 52.59573 46.63948 33.27171 24.89398 25.40485 2.378392 1.597846 1.471627 1.468317 1.468317 0.9561989 0.7169046 0.7169046 -9999 -9999 -9999 -9999 -9999 -9999 -9999 49.28016 10.86516 -9999 -9999 -9999
0.6837195 0.5551263 0.554007 0.554007 0.554007 0.554007 0.554007 0.5900301 0.699676 0.6672615 0.6669354 0.6669354 0.8553601 1.454505 1.373624 1.436287 1.85046 1.917366 2.158226 2.786247 2.735304 2.67903 12.28588 19.47848 16.45712 17.19722 20.29183 31.99143 50.59137 70.35934 61.56071 85.17258 92.67108 189.8088 130.3095 148.1762 233.5247 208.4281 129.5793 78.26221 69.4425 68.52612 54.18098 54.52721 69.3424 289.8917 106.5287 44.95304 50.42943 50.30779 38.83486 6.189198 3.61305 2.594178 1.73315 1.657576 1.070519 0.7234998 0.7169048 -9999 -9999 -9999 -9999 -9999 -9999 61.15701 58.04791 35.64053 9.967214 17.33952 -9999 -9999
0.6152482 0.5540068 0.5540068 0.5540068 0.5540068 0.5540068 0.5554398 0.8358108 0.9096951 0.8591007 0.8119255 1.097058 1.586318 1.603608 2.57549 7.386884 7.642196 3.075683 2.929741 2.929741 3.056502 9.582236 40.04571 22.35201 17.87607 16.45713 16.68064 19.11189 33.26738 38.09429 62.69558 90.67314 98.43114 155.2584 194.9968 235.2467 242.0074 224.653 135.0006 110.4464 66.52213 54.54206 112.8577 290.0782 47.52442 37.96909 25.07777 10.80996 17.50736 50.51272 7.950691 8.842977 3.629206 3.249769 4.629591 29.00014 1.166009 0.7169048 -9999 -9999 -9999 -9999 -9999 -9999 -9999 -9999 -9999 9.560695 6.710579 11.77831 9.650961 -9999
0.5540065 0.5540065 0.5540065 0.5540065 0.5540065 0.5540065 0.5844818 0.8780225 0.9096944 0.9096944 0.9096944 0.9337952 1.443932 1.603605 2.693887 8.300056 8.096786 5.194756 7.556445 18.16855 33.44007 27.09302 50.8403 27.24807 20.36287 17.92728 48.5895 49.01379 50.05069 55.62547 73.14093 100.5316 127.4992 192.4075 372.216 244.0164 279.2395 262.1934 118.4484 97.71711 47.29228 53.22959 53.96052 50.72786 41.53751 28.11551 21.55418 17.6704 23.0052 20.8036 43.02013 5.936837 2.773032 6.263279 9.059137 5.618566 3.05665 -9999 -9999 -9999 -9999 -9999 -9999 -9999 -9999 -9999 22.91528 13.12149 27.30413 13.22746 27.99625 28.87895
0.5540062 0.5540062 0.5540062 0.5540062 0.5540062 0.5540062 0.5540062 1.66917 6.468283 1.702531 1.471057 0.9194913 0.9545219 1.520256 1.642997 4.011397 8.262671 9.969854 13.01663 25.37033 37.51973 15.69536 25.97867 25.25131 20.59952 39.68104 70.31157 114.2787 145.4952 94.80829 70.81895 130.816 197.0988 214.0617 418.9281 536.4322 215.2114 300.822 67.88551 56.88713 41.4595 45.8268 38.72109 31.59915 31.04576 28.05949 18.25261 97.16731 13.46492 12.39904 6.513188 3.520789 2.82488 3.239984 3.176701 3.176028 -9999 -9999 -9999 -9999 -9999 -9999 -9999 -9999 -9999 -9999 12.41645 61.36839 174.3045 40.43901 11.21741 62.69743
0.5359908 0.5540063 0.5540063 0.5540063 0.5540063 2.211477 6.452306 4.097651 2.887831 2.887831 2.887831 1.930151 0.9096941 1.584544 4.066732 4.157093 7.933175 12.74192 13.13381 13.13545 28.19852 30.56845 30.50798 34.13929 40.80529 47.16673 43.68467 38.51729 35.25019 33.07413 51.19105 182.2859 335.3558 194.3434 306.1644 238.362 125.7264 80.31724 73.16009 46.21031 35.97272 31.55528 109.8636 108.1393 26.99699 25.98855 18.5359 253.644 295.9604 13.96758 29.69239 6.31212 4.94859 3.191418 3.176028 -9999 -9999 -9999 -9999 -9999 -9999 -9999 -9999 -9999 15.65132 98.79676 1398.635 134.7971 34.97651 15.95343 23.91213 12.40713
0.5182638 0.5540064 0.5540064 1.402695 2.944354 7.823709 8.582801 8.044151 4.089216 2.888397 2.887829 3.518833 5.01897 10.19271 10.53792 7.60307 7.558039 14.81349 19.63029 43.83448 87.83807 71.66954 75.13574 66.27251 65.14603 49.58961 44.03712 54.54014 84.04902 101.9382 154.5747 229.6967 180.1883 134.8262 196.5978 213.2988 155.9005 82.23721 60.15526 49.67195 28.2045 38.22182 65.74905 127.1536 70.62508 19.80465 13.32593 1543.28 10.79188 296.6988 7.347765 5.484648 5.484647 -9999 -9999 -9999 -9999 -9999 -9999 -9999 -9999 -9999 -9999 14.64902 25.27125 40.83115 217.6374 133.0941 15.1087 45.36703 68.79963 11.49124
5.592164 5.383681 5.508738 6.189879 6.241381 7.019352 8.582813 8.582813 8.574909 8.733123 26.0833 28.16711 31.68672 45.51124 32.56258 24.46016 22.985 36.94938 55.34338 56.99707 123.1514 128.8654 121.0388 86.22987 73.39828 105.4452 109.1436 419.6762 152.7126 175.1165 536.8119 789.9891 153.2321 97.76698 123.9407 122.108 114.1333 139.6634 66.47758 46.71893 29.08283 39.39424 69.77869 144.7534 127.9699 69.91637 -9999 -9999 -9999 -9999 -9999 -9999 -9999 -9999 -9999 -9999 -9999 -9999 -9999 -9999 -9999 -9999 32.90634 20.14399 24.57428 227.215 418.3287 -9999 22.17058 23.21223 18.04278 -9999
6.171254 6.171254 6.185872 8.019132 6.69961 6.247704 7.445968 8.58281 28.89397 48.6092 61.9805 70.32423 73.95601 76.25838 61.45047 55.99597 39.93625 47.648 67.16956 66.27721 91.22604 123.9324 119.8427 113.628 257.8542 134.4334 152.5305 233.3971 259.7762 269.0103 948.2089 1021.009 83.24121 73.20379 73.97568 117.4949 186.3494 84.93706 49.62406 36.1855 21.47271 42.35299 103.6623 147.7839 176.0155 -9999 -9999 -9999 -9999 -9999 -9999 -9999 -9999 -9999 -9999 -9999 -9999 -9999 -9999 -9999 -9999 -9999 45.13752 43.93174 32.56443 344.7538 88.05918 -9999 -9999 -9999 26.01175 -9999
60.41556 29.91985 30.47744 37.34623 39.17303 32.39871 30.47299 138.6175 77.40536 64.84447 161.0797 82.11238 75.70941 102.1671 61.94702 55.1605 48.61004 51.48103 63.04661 181.9448 129.2892 134.7803 165.1089 173.0498 164.0058 258.9759 429.6463 182.4386 360.1544 499.8063 835.6736 412.3244 92.57323 72.73256 78.71774 65.47788 61.01665 69.38276 39.73471 30.11837 107.5483 50.04635 73.87908 74.83865 -9999 -9999 -9999 -9999 -9999 -9999 -9999 -9999 -9999 -9999 -9999 -9999 -9999 -9999 -9999 -9999 -9999 -9999 45.13752 45.13752 49.40139 39.31887 74.89162 -9999 -9999 -9999 -9999 -9999
16.03433 26.67251 72.16322 298.04 260.5045 116.2018 118.157 249.2746 117.653 73.9085 94.87366 92.80077 119.1352 312.6796 217.144 92.33909 105.3498 152.4259 144.2662 127.3303 118.4529 132.601 166.5008 185.2894 229.5078 299.3052 187.2549 159.3975 516.1378 398.5723 174.9344 107.7912 100.0214 58.82169 54.18867 48.77349 49.5692 70.03254 69.53368 41.08016 32.54615 102.5274 129.6786 142.0638 -9999 -9999 -9999 -9999 -9999 -9999 -9999 -9999 -9999 -9999 -9999 -9999 -9999 -9999 -9999 -9999 -9999 -9999 -9999 25.09583 173.3513 239.5561 167.1049 1136.333 -9999 -9999 -9999 -9999
6.991927 6.991927 33.31227 37.86858 37.21927 55.85971 70.86639 47.71299 53.41843 180.031 480.9445 136.7771 126.0725 129.2018 122.2539 257.2091 1702.181 483.1271 388.0577 331.7323 343.0879 336.1931 208.8663 280.4835 267.6721 219.2968 -9999 323.3735 301.4681 242.6286 133.7599 144.6253 476.8599 150.1835 66.77753 71.52203 60.10324 65.80449 98.18019 107.4652 172.5021 198.6854 154.796 -9999 -9999 -9999 -9999 -9999 -9999 -9999 -9999 -9999 -9999 -9999 -9999 -9999 -9999 -9999 -9999 -9999 -9999 -9999 -9999 87.90395 68.66402 67.25372 87.03001 107.4199 -9999 -9999 -9999 -9999
5.807612 6.604993 26.85608 39.30059 36.59766 33.66259 41.26687 62.46732 103.9568 126.0577 159.5938 145.9559 103.1602 114.6137 189.9416 407.2296 1347.876 679.7596 465.9916 437.4781 911.1967 418.7237 344.251 329.7333 -9999 -9999 323.4845 321.0007 277.3092 195.7778 188.7952 211.6451 282.5363 223.9328 245.9591 230.6004 230.4936 61.6269 163.9138 946.0112 1397.81 -9999 -9999 -9999 -9999 -9999 -9999 -9999 -9999 -9999 -9999 -9999 -9999 -9999 -9999 -9999 -9999 -9999 -9999 -9999 -9999 -9999 -9999 167.0789 189.1775 39.76431 177.8338 41.36829 169.8497 -9999 -9999 -9999
5.165608 7.125964 10.15999 26.71001 39.35545 55.77497 86.69872 65.66854 94.48408 128.8818 110.3746 89.47322 75.95638 227.5716 372.5698 641.1866 563.6274 492.2587 2206.865 377.3306 279.3029 250.8102 251.422 -9999 -9999 -9999 449.4839 732.3054 575.11 419.7017 521.5035 -9999 -9999 238.0109 375.601 994.8896 290.3239 68.91094 161.0594 146.2113 -9999 -9999 -9999 -9999 -9999 -9999 -9999 -9999 -9999 -9999 -9999 -9999 -9999 -9999 -9999 -9999 -9999 -9999 -9999 -9999 -9999 -9999 -9999 122.4377 101.4078 104.4373 116.1648 87.74908 86.34631 -9999 -9999 -9999
5.261333 7.922216 26.8273 49.07225 43.48821 51.50528 76.30322 61.49989 118.573 193.9813 130.9897 139.8921 221.3386 473.7377 738.5099 692.7792 601.1659 389.4166 302.8474 404.4331 -9999 272.226 -9999 -9999 -9999 -9999 791.1191 791.1191 -9999 -9999 -9999 -9999 -9999 204.5822 451.3117 616.8069 207.048 85.03946 84.75735 136.1025 137.3411 -9999 -9999 -9999 -9999 -9999 -9999 -9999 -9999 -9999 -9999 -9999 -9999 -9999 -9999 -9999 -9999 -9999 -9999 -9999 -9999 -9999 -9999 192.1301 68.51378 90.59258 167.1151 248.7653 -9999 -9999 -9999 -9999
5.80906 11.89824 56.45108 57.98411 101.2559 119.3205 104.5114 77.47974 221.8575 228.17 142.5895 260.3276 590.7225 1054.355 706.9591 496.5385 475.8207 482.3483 333.182 240.8283 259.1667 269.0798 -9999 -9999 -9999 1193.276 -9999 -9999 -9999 -9999 -9999 -9999 -9999 200.0155 206.128 311.6856 206.3164 193.2112 109.0385 79.61782 69.47834 144.7179 -9999 -9999 -9999 -9999 -9999 -9999 -9999 -9999 -9999 -9999 -9999 -9999 -9999 -9999 -9999 -9999 -9999 -9999 89.38284 83.24764 203.3401 36.78462 240.2707 560.0337 588.315 101.8884 -9999 -9999 -9999 -9999
22.97901 37.97981 58.77695 108.1327 157.0546 164.1136 119.2637 170.8842 492.0191 524.6616 164.616 213.4951 306.8406 656.4193 505.0428 425.2465 461.2306 475.7654 503.1354 390.9825 257.1807 165.8041 111.5667 -9999 691.5437 670.0873 652.3207 755.5939 1990.901 -9999 -9999 -9999 -9999 189.9684 183.4375 211.044 261.8523 2013.938 2089.515 109.115 37.60278 123.2318 352.332 -9999 -9999 163.5473 -9999 -9999 -9999 -9999 -9999 -9999 -9999 -9999 -9999 -9999 -9999 0 94.20972 -9999 94.2254 593.6409 355.633 78.02641 212.4833 169.1672 194.6251 -9999 -9999 -9999 -9999 -9999
32.08173 42.51226 62.71504 89.79486 104.6323 104.7278 114.9486 329.3968 306.788 147.3376 74.85474 145.3475 371.761 606.9528 526.8131 529.5107 494.4324 451.6289 488.9994 495.9524 492.1425 428.5073 573.4697 528.9596 488.8586 420.371 494.5643 458.7085 460.6713 432.3178 -9999 -9999 -9999 -9999 -9999 1149.169 276.1322 3813.642 1208.966 179.9196 95.45686 84.01858 101.759 -9999 -9999 -9999 -9999 -9999 -9999 -9999 -9999 -9999 -9999 -9999 -9999 -9999 -9999 113.9479 116.9955 75.28582 219.1401 218.7035 26.30159 74.39297 240.1944 172.9801 147.5123 -9999 -9999 -9999 -9999 -9999
