Downloaded_Data/glds05ag30.asc
ncols         720
nrows         286
xllcorner     -180
yllcorner     -58
cellsize      0.5000000000004
NODATA_value  -9999
[rows 32 to 63 of 286, columns 576 to 647 of 720]
0.008005782 0.008005782 0.008005782 0.008005782 0.008005782 0.008005782 0.008005782 0.008005782 0.008005782 0.008005782 0.008005782 0.008005782 0.008005782 0.008005782 0.008005782 0.008005782 0.008005782 0.008005782 0.008005782 0.008005782 0.008005782 0.008005782 0.008005782 0.008045019 0.01444626 0.02380131 0.02380156 0.02380156 0.02380156 0.02380156 0.02528685 0.02928417 0.02803547 0.02380909 0.02402906 0.0297451 0.0339563 0.03460592 0.03336942 0.03203283 0.03093965 0.02709001 0.02976375 0.03005904 0.02414667 0.02762733 0.02268271 0.02154581 0.02154581 0.02154581 0.02154581 0.08952429 0.1012071 0.1012071 0.1012071 0.1012071 0.1012071 0.1012071 0.1012071 0.1012071 0.1137952 0.1220037 0.1220414 0.1220414 0.1220414 0.1220414 0.1218162 0.1013541 0.0539517 0.05196266 0.05196266 0.05196266
0.008005769 0.008005769 0.008005769 0.008005769 0.008005769 0.008005769 0.008005769 0.008005769 0.008005769 0.008005769 0.008005769 0.008005769 0.008005769 0.008005769 0.008005769 0.008005769 0.008005769 0.008005769 0.008005769 0.008005769 0.008005769 0.01114137 0.01306776 0.02087958 0.02380153 0.02380153 0.02380153 0.02380153 0.02380153 0.02380153 0.02380152 0.02380154 0.02380153 0.02380153 0.02380153 0.02380153 0.02380153 0.02348154 0.02175681 0.0215458 0.0215458 0.0215458 0.0215458 0.0215458 0.0215458 0.0215458 0.0215458 0.0215458 0.0215458 0.0215458 0.0215458 0.09442245 0.101207 0.101207 0.101207 0.101207 0.101207 0.101207 0.101207 0.101207 0.101207 0.1066106 0.1219235 0.1220412 0.1220412 0.1220412 0.08496101 0.05196253 0.05196253 0.05196253 0.05196253 0.05196253
0.008005781 0.008005781 0.008005781 0.008005781 0.008005781 0.008005781 0.008005781 0.008005781 0.008005781 0.008005781 0.008005781 0.008005781 0.008005781 0.008005781 0.008005781 0.008005781 0.008005781 0.008005781 0.008005781 0.01097673 0.01825441 0.02269072 0.02380154 0.02380154 0.02380154 0.02380154 0.02380154 0.02380154 0.02380154 0.02380153 0.02380152 0.02380154 0.02380153 0.02380154 0.02380154 0.02380154 0.02380154 0.0236059 0.02243828 0.02154584 0.02154584 0.02154584 0.02154584 0.02154584 0.02154584 0.02154584 0.02154584 0.02154584 0.02154584 0.02154584 0.0215775 0.0992891 0.1012071 0.1012071 0.1012071 0.1012071 0.1012071 0.1012071 0.1012071 0.101207 0.101207 0.1056888 0.1010189 0.08278894 0.05429141 0.0505255 0.05274846 0.04699432 0.04952488 0.05131313 0.05196254 0.05196254
0.008005771 0.008005771 0.008005771 0.008005771 0.008005771 0.008005771 0.008005771 0.008005771 0.008005771 0.008005771 0.008005771 0.008005771 0.008005771 0.008005771 0.008005771 0.008005771 0.008005771 0.008005771 0.008032272 0.01308246 0.01651431 0.01963931 0.02943924 0.02380154 0.02380154 0.02380154 0.02380154 0.02380154 0.02380154 0.02380154 0.02380152 0.02380154 0.02380154 0.02380154 0.02380154 0.02380154 0.02380154 0.02380154 0.02303738 0.0215458 0.0215458 0.0215458 0.0215458 0.0215458 0.0215458 0.0215458 0.0215458 0.0215458 0.0215458 0.0215458 0.05233177 0.101207 0.101207 0.101207 0.101207 0.101207 0.101207 0.101207 0.101207 0.101207 0.101207 0.1011663 0.06498983 0.03203851 0.03135132 0.03135132 0.03135132 0.03135132 0.03135132 0.03170915 0.03788787 0.04616247
0.08745909 0.1167382 0.06384657 0.00800577 0.02773349 0.05780283 0.07814642 0.09787151 0.08550544 0.054583 0.01758252 0.00800577 0.00800577 0.00800577 0.00800577 0.00800577 0.00800577 0.00800577 0.00800577 0.00800577 0.01037966 0.0526066 0.1736818 0.2734859 0.1489214 0.02934484 0.02380153 0.02380153 0.02380153 0.02380153 0.02380155 0.02380153 0.02380153 0.02380153 0.02380153 0.02380153 0.02380153 0.02380153 0.02246136 0.02154581 0.02154581 0.02154581 0.02154581 0.02154581 0.02154581 0.02154581 0.02154581 0.02154581 0.02154581 0.03903753 0.0989944 0.1012069 0.1012069 0.1012069 0.1012069 0.1012069 0.1012069 0.1012069 0.1012069 0.1012069 0.1012069 0.1012069 0.1012069 0.09103068 0.07391467 0.04962599 0.03135132 0.03135132 0.03135132 0.03135132 0.03135132 0.03135132
0.188778 0.188778 0.1597245 0.1418484 0.1874941 0.188778 0.188778 0.188778 0.188778 0.188778 0.1398909 0.01744314 0.00800577 0.00800577 0.00800577 0.00800577 0.00800577 0.00800577 0.00800577 0.00800577 0.2078599 0.3091851 0.3092365 0.309539 0.3095408 0.07220355 0.02380154 0.02380154 0.02380154 0.02380154 0.02380154 0.02380154 0.02380153 0.02380154 0.02380154 0.02380154 0.02380154 0.03262577 0.1004183 0.08194515 0.09708046 0.09615696 0.08959369 0.07370588 0.02225425 0.02154579 0.02154579 0.02154579 0.03818514 0.09319384 0.101207 0.101207 0.101207 0.101207 0.101207 0.101207 0.101207 0.1011868 0.101207 0.101207 0.101207 0.101207 0.09866937 0.07130337 0.06213802 0.03598922 0.03135133 0.03135133 0.03135133 0.03135133 0.03135133 0.03135133
0.188778 0.1887781 0.188778 0.188778 0.188778 0.188778 0.188778 0.188778 0.1847829 0.06471267 0.008274902 0.008005781 0.008005781 0.008005781 0.008005781 0.008005781 0.008005781 0.008005781 0.008005781 0.05020317 0.2607365 0.3091855 0.309254 0.309513 0.2727794 0.02776789 0.02380152 0.02380152 0.02380152 0.02380152 0.02380152 0.02380153 0.02380153 0.02380152 0.02380152 0.02380152 0.02380152 0.0261855 0.08401575 0.1108797 0.1108797 0.1108797 0.1108797 0.1108797 0.1025722 0.07555582 0.04761438 0.06181724 0.09986169 0.1012069 0.1012069 0.1012069 0.1012069 0.1002665 0.09963307 0.09782044 0.09677453 0.09665238 0.09718844 0.09779061 0.09836824 0.09822656 0.09841764 0.05860454 0.03135134 0.03135134 0.03135134 0.03135134 0.03135134 0.03135134 0.03135134 0.03135134
0.1887784 0.1887784 0.1887784 0.1887784 0.1887784 0.1887784 0.1887784 0.1887784 0.1657852 0.02598065 0.008005792 0.008005792 0.008005792 0.008005792 0.008005792 0.01213286 0.00963839 0.01365503 0.198821 0.3419723 0.3442231 0.3188743 0.3094518 0.3095413 0.3095413 0.2796432 0.06321461 0.02390492 0.02380155 0.02380155 0.02380155 0.02380155 0.02380153 0.02686974 0.05713425 0.06695461 0.07213492 0.09077433 0.1108797 0.1108797 0.1108797 0.1108797 0.1108797 0.1108797 0.1108797 0.1108797 0.1099522 0.1025365 0.1012071 0.1010534 0.1003937 0.09977772 0.09866314 0.09657972 0.09656513 0.09656513 0.09656513 0.09656513 0.09656513 0.09656513 0.09656513 0.09656513 0.1032857 0.159046 0.1686739 0.1646325 0.1414836 0.1182524 0.09495889 0.06714907 0.03353448 0.03135134
0.1887781 0.1887781 0.1887781 0.1887781 0.1887781 0.1887781 0.1887781 0.1887781 0.1887781 0.1721155 0.1029258 0.06861843 0.00903013 0.1140827 0.243441 0.321297 0.2950307 0.3076531 0.3446164 0.3446164 0.3446164 0.341897 0.3104641 0.3093595 0.309541 0.309541 0.309541 0.2833403 0.2231856 0.1643747 0.1074779 0.09616936 0.1623891 0.1797695 0.1108797 0.1108797 0.1108796 0.1108796 0.1108796 0.1108796 0.1108796 0.1108796 0.1108796 0.1108796 0.1108796 0.1108796 0.1108796 0.1103352 0.1023169 0.09943642 0.09656513 0.09656513 0.09656513 0.09656513 0.09656513 0.09656513 0.09656513 0.09656513 0.09656513 0.09656513 0.09656513 0.09656513 0.1218839 0.1776967 0.1961635 0.1961635 0.1961635 0.1961635 0.1961635 0.1961635 0.1851706 0.1414942
0.112963 0.176806 0.1887781 0.1887781 0.1887781 0.1887781 0.1887781 0.1887781 0.1887781 0.1887781 0.1887781 0.1887781 0.2626049 0.3418539 0.3446165 0.3446165 0.3446165 0.3446165 0.3446165 0.3446165 0.3446165 0.3446165 0.3146844 0.3091946 0.3092986 0.3094991 0.3094818 0.309541 0.309541 0.309541 0.309541 0.309541 0.2847281 0.2224686 0.1135307 0.1108797 0.1108796 0.1108796 0.1108797 0.1108797 0.1108797 0.1108797 0.1108797 0.1108797 0.1108797 0.1108797 0.1108797 0.1108797 0.1106234 0.1002604 0.09656516 0.09656516 0.09656516 0.09656516 0.09656516 0.09656516 0.09656514 0.09656516 0.09656516 0.09656516 0.09656516 0.09656516 0.09656516 0.1048824 0.1806632 0.1961636 0.1961636 0.1961636 0.1961636 0.1961636 0.1961636 0.1961636
0.09802172 0.1485884 0.1828739 0.1887778 0.1887779 0.1887778 0.1887778 0.1887778 0.1887778 0.1887778 0.1887778 0.2241751 0.2809852 0.2848836 0.3073417 0.3427204 0.3446165 0.3446165 0.3446165 0.3446165 0.3446165 0.3446165 0.3423197 0.3113362 0.3091846 0.3091846 0.3093298 0.3095405 0.3095405 0.3095405 0.3095405 0.1793903 0.1109152 0.1108796 0.1108796 0.1108796 0.1108796 0.1108796 0.1108796 0.1108795 0.1108797 0.1108796 0.1108796 0.1108796 0.2608682 0.2387767 0.2042384 0.2435105 0.1804987 0.09656502 0.09656502 0.09656502 0.09656502 0.09656502 0.09656502 0.09656502 0.09656502 0.09656502 0.09656502 0.09656502 0.09656502 0.09656502 0.09656502 0.09656502 0.1142879 0.1961634 0.1961634 0.1961634 0.1961634 0.1961634 0.1961634 0.1961634
0.05930588 0.05930588 0.08014239 0.1887782 0.1887782 0.1887781 0.1887781 0.1887781 0.1887781 0.1887782 0.1887782 0.211643 0.2615781 0.282803 0.2834978 0.3098842 0.3387661 0.3416943 0.3428566 0.3446166 0.3446166 0.3446166 0.340883 0.3132164 0.3091851 0.3091851 0.3092198 0.3093888 0.3095412 0.3095412 0.3095412 0.2626047 0.1922918 0.1628763 0.1333858 0.1120439 0.1132859 0.116234 0.123998 0.1778098 0.3071092 0.7931666 0.8739908 0.8197379 0.7471132 0.7475559 0.7475559 0.747556 0.7379903 0.3965544 0.331149 0.2936913 0.09656524 0.09656524 0.09656524 0.09656524 0.09656524 0.09656524 0.09656524 0.09656524 0.09656524 0.09656524 0.1016407 0.1468271 0.1750709 0.1961639 0.1961639 0.1961639 0.1961639 0.1961639 0.1961639 0.1961639
0.05930585 0.05930585 0.07283393 0.1767432 0.188778 0.1887781 0.1887782 0.1887781 0.1887781 0.188778 0.189126 12.68766 0.280387 0.2828029 0.2828029 0.2828029 0.2828029 0.2828029 0.2835701 0.2978946 0.3138487 0.3182634 0.3199517 0.3053333 0.3091851 0.3091851 0.3091851 0.3092584 0.308968 0.3006162 0.2775854 0.2653713 0.283605 0.2473172 0.2349605 0.1480703 0.140544 0.140544 0.140544 0.2180601 0.7070479 1.021105 1.023038 1.013554 0.7930786 0.7475551 0.7475551 0.7475551 0.705036 0.5137153 0.510725 0.480901 0.1332375 0.09656521 0.09656521 0.09656521 0.09656521 0.09656521 0.09656521 0.09656521 0.09656521 0.09656521 0.1020954 0.1759991 0.1955332 0.1938947 0.1961636 0.1961636 0.1961636 0.1961636 0.1961636 0.1961636
0.05930585 0.05930585 0.06280192 0.121277 0.1887781 0.1887781 0.1887781 0.1887782 0.1887782 0.1887782 0.1887782 4.388565 0.2017908 0.2566106 0.2828027 0.2828027 0.2828027 0.2828027 0.2828027 0.2828027 0.2828027 0.2828027 0.2828027 0.2829492 0.2939279 0.3091852 0.3091852 0.3091852 0.2487297 0.1441306 0.140544 0.140544 0.140544 0.140544 0.140544 0.140544 0.140544 0.140544 0.140544 0.1595228 0.498347 18.71521 20.19794 21.16416 1.347548 1.343762 1.013689 0.9080378 0.9690852 0.5713075 0.5107255 0.5107255 0.5098382 0.44921 0.2335216 0.09656509 0.09656509 0.09656509 0.09656509 0.1072543 0.1147492 0.1249575 0.1228256 0.1280425 0.1229113 0.09038153 0.1079339 0.1768271 0.1927063 0.1961636 0.1885376 0.1961636
0.05930583 0.05930583 0.05930583 0.1583204 0.1887779 0.1887779 0.1887779 0.1887779 0.1887779 0.1887779 0.1890022 0.2312801 0.2325797 0.3159797 0.2973125 0.3228376 0.3135915 0.2880087 0.2828028 0.2828028 0.2828028 0.2828028 0.2515921 0.1637047 0.1991519 0.2076026 0.2176175 0.2600453 0.2528214 0.1809396 0.1306796 0.1370199 0.1405439 0.1405439 0.1405439 0.1405439 0.1405439 0.1405439 0.2882546 0.7032328 0.7456484 8.865772 20.52194 12.87452 1.71248 1.71248 1.672928 1.109688 1.070552 0.9686704 0.8224993 0.8067333 0.6089894 0.5107252 0.4039303 0.110061 0.1059925 0.1051911 0.1075651 0.1275641 0.1293574 0.1293574 0.1292325 0.1063668 0.08832749 0.08832749 0.08832749 0.08832749 0.0985027 0.1100884 0.09023287 0.1087961
0.0593058 0.0593058 0.0593058 0.08374987 0.1406637 0.1887716 0.188778 0.188778 0.188778 0.2078008 0.3371021 0.4016096 0.4016096 0.4016096 0.4016096 0.4016096 0.4016096 0.3953305 0.3072688 0.282564 0.242198 0.1728471 0.1199772 0.1165259 0.1165259 0.1165259 0.1165259 0.1165259 0.1165259 0.1165259 0.1165259 0.1190205 0.1292824 0.3825175 0.4685594 0.7910674 0.8613928 0.8546373 0.9102026 0.9107001 0.9107003 0.9107001 0.9107006 1.069139 1.523221 1.403052 0.6383213 0.4025295 0.5491399 0.4795467 0.6496208 0.5473645 0.4095845 0.2337158 0.1549758 0.1293573 0.1293573 0.1293573 0.1293573 0.1293573 0.123131 0.1024205 0.09191563 0.08832733 0.08832733 0.08832733 0.08832733 0.08832733 0.08832733 0.08832733 0.08832733 0.08832733
0.05930582 0.05930582 0.05930582 0.05930582 0.2471498 0.3915889 0.3852292 0.3442325 0.3408751 0.384421 0.4016091 0.4016091 0.4016091 0.4016091 0.401112 0.3980242 0.4016091 0.4016091 0.3424634 0.1455098 0.1165259 0.1165259 0.1165259 0.1165259 0.1165259 0.1165259 0.1165259 0.1165259 0.1165259 0.1165259 0.1165259 0.1165258 0.1165259 0.3429053 0.7537894 0.5605119 0.2744483 0.2438979 0.2317151 0.2270177 0.3414354 0.4766554 0.5620965 0.6865659 0.9736742 0.6386869 0.3671464 0.3671464 0.3570435 0.309952 0.1298143 0.1293573 0.1293573 0.1293573 0.1293573 0.1293573 0.1293573 0.1293573 0.1293573 0.1293573 0.112628 0.08832733 0.08832733 0.08832733 0.08832733 0.08832733 0.08832733 0.08832733 0.08832733 0.08832733 0.08832733 0.08832733
0.05930586 0.05930586 0.05930586 0.1599357 0.4002906 0.4016093 0.4016093 0.4016093 0.4016093 0.4016093 0.4016093 0.4016093 0.396036 0.3152528 0.1845941 0.1648219 0.2319187 0.3005241 0.1504451 0.1165258 0.1165258 0.1165258 0.1165258 0.1165258 0.1165258 0.1165258 0.1165258 0.1165258 0.1165258 0.1165258 0.1165258 0.1165258 0.1165258 0.118455 0.1484511 0.172177 0.190847 0.2113816 0.2361958 0.2396507 0.2396507 0.2570665 0.367146 0.367146 0.367146 0.367146 0.3666777 0.3667386 0.2073122 0.1293571 0.1293571 0.1293571 0.1293571 0.1293571 0.1293571 0.1293571 0.1293571 0.1293571 0.1293571 0.1293571 0.1061877 0.08832728 0.08832728 0.08832728 0.08832728 0.08832728 0.08832728 0.08832728 0.08832728 0.08832728 0.08832728 0.08832728
0.0593058 0.0593058 0.09381508 0.3735748 0.4016092 0.4016092 0.4016092 0.4016092 0.4016092 0.4016092 0.4016092 0.3684833 0.1979007 0.1542635 0.1542635 0.1542635 0.1542635 0.1542635 0.128032 0.1168603 0.121551 0.1165259 0.1165259 0.1165259 0.1165259 0.1165259 0.1165259 0.1165259 0.1165259 0.1165259 0.1222222 0.1424762 0.1821261 0.2301827 0.2396507 0.2396507 0.2396507 0.2396507 0.2396507 0.2396507 0.2396507 0.2396877 0.2719807 0.2932882 0.3081182 0.2833664 0.2440988 0.1837315 0.1293571 0.1293571 0.1293571 0.1293571 0.1293571 0.1293571 0.1293571 0.1292455 0.1293571 0.1293571 0.1258034 0.1108766 0.09696069 0.08832718 0.08832718 0.08832718 0.08832718 0.08832718 0.08832718 0.08832718 0.08832718 0.08832718 0.08832718 0.08832718
0.05930587 0.05930587 0.1068328 0.4045246 0.401184 0.3789584 0.3773476 0.3738466 0.3613575 0.3935863 0.3784491 0.3378531 0.1569463 0.1542636 0.1542636 0.1542636 0.1542636 0.1542636 0.1542636 0.1534067 0.1542635 0.1352078 0.1165259 0.1165259 0.1165259 0.1165259 0.1165259 0.1165259 0.1165259 0.1308494 0.2013892 0.2396509 0.2396509 0.2396509 0.2396509 0.2396509 0.2396509 0.2396509 0.2396509 0.2396509 0.2396509 0.2396509 0.2396509 0.2396509 0.2396509 0.2396509 0.2396509 0.1922349 0.137021 0.1257503 0.0849125 0.0784461 0.09049755 0.1025687 0.08913269 0.03048441 0.04793726 0.05423448 0.05740869 0.06326831 0.07613462 0.0883275 0.0883275 0.0883275 0.0883275 0.0883275 0.0883275 0.0883275 0.08832744 0.08832735 0.08832734 0.08832734
0.06837982 0.3435751 0.5689337 0.6231999 0.5992704 0.5464568 0.5806037 0.4285932 0.3495486 0.3490066 0.3471448 0.2856854 0.1542637 0.1542637 0.1542637 0.1542637 0.1542637 0.1542637 0.1542637 0.1542637 0.1542636 0.1420013 0.1169631 0.1165259 0.1165259 0.1165259 0.1165259 0.1165259 0.1165259 0.1468895 0.2396508 0.2396508 0.2522967 0.2669364 0.2396508 0.2396508 0.2396508 0.2396508 0.2396508 0.2396508 0.2396508 0.2396508 0.2396508 0.2396508 0.2396508 0.2396508 0.2396508 0.2396508 0.1967674 0.03467745 0.02113133 0.02113133 0.02113133 0.02113133 0.02113133 0.02113133 0.02113133 0.02113133 0.02113133 0.02113133 0.05724838 0.08823277 0.08832736 0.08832736 0.08832736 0.08832736 0.08832736 0.08832736 0.08832735 -9999 -9999 -9999
0.4667304 0.5870375 0.6249511 0.6249511 0.6249511 0.5225574 0.3760314 0.3483698 0.347145 0.347145 0.3394223 0.2404864 0.1542639 0.1542639 0.1542639 0.1542639 0.1542639 0.1542639 0.1590334 0.2388928 0.2413389 0.2039612 0.1439912 0.1165259 0.1165259 0.1165259 0.1165259 0.1165259 0.1165259 0.1270213 0.389967 0.5176918 0.6171468 0.3201416 0.2396509 0.2396509 0.2396509 0.2396509 0.2396509 0.2396509 0.2396509 0.2396509 0.2396509 0.2396509 0.2396509 0.2396509 0.2396495 0.1899632 0.05319354 0.02113131 0.02113131 0.02113131 0.02113131 0.02113131 0.02113131 0.02113131 0.02113131 0.02113131 0.02113131 0.02113131 0.02113131 0.03089471 0.04711724 0.08297752 0.08755754 0.08803873 0.08832736 -9999 -9999 -9999 -9999 -9999
0.6249508 0.6353758 0.6249508 0.6249508 0.6249508 0.5176237 0.3471444 0.3471444 0.3471444 0.3471444 0.2578191 0.1542637 11.25133 0.1542637 0.1542637 0.1542637 0.1542637 0.1542637 0.2234605 0.2760224 0.2760224 0.2760224 0.1837388 0.119703 0.116526 0.116526 0.116526 0.116526 0.116526 0.2458909 0.6921518 0.7304055 0.6734965 0.3858019 0.378977 0.4254593 0.2632026 0.2396511 0.2396511 0.2396511 0.2396511 0.2396511 0.2396511 0.2396511 0.2396511 0.2396511 0.2396511 0.1639121 0.02125715 0.02113132 0.02113132 0.02113132 0.02113132 0.02113132 0.02113132 0.02113132 0.02113132 0.02113132 0.02113132 0.02113132 0.02113132 0.02113132 0.02113132 0.0260046 0.02633204 0.02139623 -9999 -9999 -9999 -9999 -9999 -9999
0.7164044 0.7532403 0.6575432 0.6332119 0.6249502 0.516932 0.3479302 0.3610879 0.3471445 0.3471445 0.3433003 0.170173 0.1542635 0.1542635 0.1578869 0.161289 0.1564446 0.1542635 0.1640645 0.2406937 0.276022 0.276022 0.276022 0.1715073 0.1199358 0.1500338 0.1297166 0.1165259 0.1420718 0.606412 0.7304041 0.7304041 0.7304041 0.7304041 0.7304041 0.7304041 0.7292625 0.6831205 0.4840279 0.2572107 0.2795115 0.3021941 0.324863 0.3054971 0.2409653 0.2407221 0.2443975 0.04039691 0.02113133 0.02113133 0.02113133 0.02113133 0.02113133 0.02113133 0.02113133 0.02113133 0.02113133 0.02113133 0.02113133 0.02113133 0.02113133 0.02113133 0.02113133 0.02113134 -9999 -9999 -9999 -9999 -9999 -9999 -9999 -9999
0.7580861 0.7229619 0.6739171 0.6055016 0.5187052 0.4913897 0.4677132 0.4948023 0.7561764 1.280371 0.8795946 0.5017931 0.650543 0.3538582 0.1699693 0.2445005 0.2436223 0.2362258 0.2587963 0.2701341 0.2760224 0.2760224 0.2760224 0.2969586 0.3643762 0.3704936 0.3543943 0.2668065 0.3009474 0.6730562 0.7209953 0.7304056 0.7304056 0.7304056 0.7304056 0.7304056 0.7304056 0.7304056 0.7304056 0.7304056 0.7304056 0.7304056 0.7304056 0.7285104 0.6873167 0.6645497 0.6988025 0.3050784 0.02113134 0.02113134 0.02113134 0.02113134 0.02113134 0.02113134 0.02113134 0.02113134 0.02113134 0.02113134 0.02113134 0.02113134 0.02113135 0.02113134 -9999 -9999 -9999 -9999 -9999 -9999 -9999 -9999 -9999 -9999
0.7580867 0.6526604 0.512728 0.4964257 0.4964257 0.4964257 0.4964257 0.4964257 0.5183277 1.672439 1.828019 1.828019 1.777875 0.4557974 0.1700559 0.2087621 0.2760223 0.2764565 0.2760628 0.2760223 0.2760223 0.2760223 0.2760223 0.2760223 0.3289384 0.3704737 0.3695089 0.3704943 0.3704943 0.3704943 0.3836186 0.416482 0.6169822 0.7304054 0.7304054 0.7304054 0.7304054 0.7304054 0.7304054 0.7304054 0.7304054 0.7304054 0.7304054 0.7304054 0.7304054 0.7304054 0.1501583 0.02113133 0.02113133 0.02113133 0.02113133 0.02113133 0.02113133 0.02113133 0.02113133 0.02113133 0.02113133 0.02113133 0.02113133 0.02113134 0.02113134 -9999 -9999 -9999 -9999 -9999 -9999 -9999 -9999 -9999 0.08832735 -9999
0.7580855 0.6520293 20.11282 0.4964254 0.4964253 0.4964254 0.5337867 0.4964254 0.4964254 0.9067253 1.549041 0.8033959 0.5638248 0.1700559 0.1700559 0.2098909 0.3085854 0.3168704 0.2954688 0.2818658 0.2760223 0.2760223 0.2087596 0.1031423 0.09439042 0.08617596 0.1782335 0.3220197 0.3704879 0.3704939 0.3704939 0.3704939 0.375296 0.4274744 0.4310047 0.5282734 0.6019566 0.5558028 0.5626079 0.5415162 0.5382087 0.6804 0.5528944 0.519803 0.5340532 0.5476298 0.1310385 0.1220163 0.1310674 0.05296234 0.02246501 0.02280205 0.0235388 0.02179075 0.02254834 0.0212518 0.02113134 0.02113134 0.02113134 -9999 -9999 -9999 -9999 -9999 -9999 -9999 -9999 -9999 -9999 -9999 -9999 -9999
0.7580193 0.6145683 0.4964254 0.4964253 0.4964261 0.8493676 1.467632 1.117491 0.2670484 0.253994 0.1700559 0.170056 0.170056 0.170056 0.170056 0.1732335 0.2079427 0.2844767 0.3275169 0.3272871 0.1847365 0.0869471 0.04029672 0.0383632 0.0383632 0.0383632 0.0383632 0.06514331 0.3704819 0.3704941 0.3704941 0.3704941 0.3704941 28.87174 0.3704941 0.31729 0.2565303 0.2565089 0.2565089 0.2565089 0.2565089 0.2565089 0.2565089 0.2565089 0.2565089 0.2565089 0.2565089 0.2565089 0.2079596 0.0967079 0.02630853 0.02630853 0.02630853 0.02630853 0.02630853 0.02559831 0.02474131 0.0263085 0.0263085 0.02630851 0.0263085 -9999 -9999 -9999 -9999 -9999 -9999 -9999 -9999 -9999 -9999 -9999
0.6775866 0.633231 0.4964254 0.4964254 0.71056 1.498154 1.504336 0.618902 0.1700558 0.1700558 0.1700558 0.1700558 0.1700558 0.1700558 0.1700558 0.1700558 0.1750774 0.2387879 0.3275171 0.3127345 0.05796239 0.03836319 0.03836319 0.03836319 0.03836319 0.03836319 0.06293045 0.1092794 0.3560616 0.3704938 0.4541155 0.3706389 0.3704938 0.3704938 0.3704033 0.3139046 0.2565089 0.2565089 0.2565089 0.2565087 0.2565087 0.2565087 0.2565088 0.2565089 0.2565089 0.2565089 0.2052312 0.07704707 0.02631723 0.02630852 0.02630852 0.02630852 0.02630852 0.02630852 0.02630851 0.02630851 0.0263085 0.02630851 0.0263085 0.0263085 0.0263085 -9999 0.0263085 -9999 -9999 -9999 -9999 -9999 -9999 -9999 -9999 -9999
0.8483321 1.068907 1.225345 0.8182409 1.519699 1.706269 1.133454 0.1773141 0.1700558 0.1700558 0.1700558 0.1700558 0.1700558 0.1743037 0.2488945 0.314484 0.3270034 0.3275166 0.3253171 0.1547206 0.05433888 0.3218201 0.2000874 0.3854373 0.5676446 0.9455346 1.153236 1.320654 1.032946 1.436334 1.859003 1.290567 0.6529532 0.3708553 0.4322126 0.5257462 0.2565083 0.2565083 0.2565083 0.2565086 0.2565084 0.2565083 0.2565083 0.2565083 0.2558249 0.1326812 0.04734928 0.02630849 0.02630849 0.02630849 0.02630849 0.02630849 0.02630849 0.02630849 0.02630849 0.02630849 0.02630849 0.0263085 0.02630849 0.0263085 -9999 0.02630849 0.1896931 0.9725998 1.018528 -9999 -9999 -9999 0.750981 0.7509807 -9999 -9999
1.068907 2.264774 2.264773 2.264773 2.264773 2.240868 0.7595688 0.1700558 0.2039541 0.3377508 0.3146505 0.3725866 0.2631063 0.3162212 0.3275167 0.3275167 0.3275167 0.3275167 0.3661267 1.090752 1.489681 1.234167 1.233394 1.234167 1.234167 1.234167 1.234167 1.431877 2.011732 2.011733 2.191653 2.074374 2.011732 1.744608 1.826751 1.828482 0.9249814 0.2565087 16.68541 0.2565087 0.2565087 0.2565087 0.2565087 0.2565087 0.2574459 0.2157365 0.1865527 0.02630848 0.02630848 0.02630848 0.02910228 0.0279718 0.07124159 0.05868493 0.02630848 0.02630848 0.02630848 0.02630852 0.0263085 0.02630848 0.02630851 0.2236481 0.8333935 1.018528 1.018528 1.018528 -9999 -9999 0.750981 22.00552 0.7509811 -9999
2.397587 2.3109 2.333428 2.377325 2.256863 1.02186 0.3445709 0.5154853 0.6395689 0.6659911 0.6659911 0.6350439 0.6634661 0.3802967 0.3275166 0.3275166 0.5738002 1.680328 3.188417 3.457256 2.328185 1.546812 1.712035 1.186983 0.9612741 2.082558 2.545254 3.715021 4.848907 4.893668 5.118327 5.422784 5.177172 3.61868 3.494616 2.03647 1.721138 0.5016184 0.3077687 0.2565088 0.2565088 0.3111032 0.5473137 0.5288127 0.3764243 0.3742983 0.3584193 0.1848977 0.2034753 0.2098686 0.2998874 0.3698786 0.37255 0.2723768 0.03296991 0.02630852 0.03982701 0.0769719 0.0911011 0.05426369 0.1127702 0.15593 0.1733165 0.5538796 0.9826071 17.0547 1.018528 0.7509811 0.7509819 0.7509815 0.7509812 -9999
