Downloaded_Data/glds95ag30.asc
ncols         720
nrows         286
xllcorner     -180
yllcorner     -58
cellsize      0.5000000000004
NODATA_value  -9999
[rows 96 to 127 of 286, columns 360 to 431 of 720]
-9999 -9999 175.0173 196.0099 211.5872 271.6864 1990.784 323.6319 347.1745 279.8405 244.4132 191.1493 183.4511 167.7205 172.5802 271.7087 120.7769 129.8509 100.7276 212.4942 771.5356 204.2561 204.256 88.50751 88.50752 -9999 -9999 -9999 221.0578 187.258 201.1744 -9999 -9999 -9999 -9999 -9999 -9999 -9999 -9999 -9999 -9999 -9999 -9999 38.37083 26.82183 26.89308 20.8762 131.7003 27.54895 23.78513 18.39942 15.19332 18.12079 81.63728 88.42197 47.58828 49.11541 49.11543 50.45314 60.98156 65.52802 65.52805 65.52804 65.52808 62.83426 33.04319 75.33125 93.80133 93.80132 94.12787 107.8201 113.8738
211.5176 175.4637 174.9307 158.6365 149.9807 193.8977 151.199 132.9548 166.2613 177.2204 183.3077 192.4945 200.6782 277.3837 126.2407 103.009 91.32648 66.29316 58.28568 56.43037 116.753 203.2277 -9999 -9999 -9999 -9999 -9999 -9999 421.9547 -9999 -9999 -9999 -9999 -9999 -9999 -9999 -9999 -9999 -9999 -9999 -9999 -9999 -9999 -9999 17.55868 13.58105 20.65424 -9999 -9999 -9999 147.8754 6.526562 11.93919 12.14285 8.03253 13.32312 191.927 -9999 57.88403 65.31922 65.52804 65.52805 -9999 -9999 65.52803 81.12757 92.81616 93.80123 93.80125 -9999 -9999 204.7328
171.9762 128.685 108.8263 88.96484 94.04562 85.36374 58.69937 67.55899 55.2273 76.61635 132.6182 122.5043 91.21844 74.10889 70.83079 75.82506 48.09846 51.95129 56.07947 80.60049 132.7233 303.2152 226.2278 -9999 216.1998 216.1998 -9999 -9999 1186.752 2311.602 -9999 -9999 -9999 -9999 -9999 -9999 -9999 -9999 -9999 -9999 -9999 -9999 -9999 -9999 -9999 -9999 2.330024 69.08031 466.6877 -9999 -9999 32.8725 6.420969 6.531398 18.20817 8.796843 -9999 -9999 -9999 -9999 -9999 -9999 -9999 -9999 -9999 -9999 -9999 -9999 28.95763 28.95763 -9999 376.2233
111.6335 75.16026 35.0447 35.0447 35.10486 26.98752 21.22977 38.81573 46.52275 50.58347 73.57953 59.57083 75.3932 44.40416 32.66447 41.47561 42.49921 48.80686 51.36135 68.85102 101.9888 114.8595 115.4012 -9999 -9999 216.1998 -9999 -9999 -9999 -9999 -9999 -9999 -9999 -9999 -9999 -9999 -9999 -9999 -9999 -9999 -9999 -9999 -9999 -9999 -9999 -9999 -9999 29.73965 56.42812 45.22473 139.5927 49.36489 25.86575 14.09968 25.96018 -9999 -9999 -9999 -9999 -9999 -9999 -9999 -9999 -9999 20.30016 18.67662 153.1518 40.8841 44.02525 -9999 -9999 393.0172
36.20519 35.60112 35.06325 35.04469 29.29807 21.67608 21.2298 29.33124 43.0303 34.61571 27.63964 26.42605 27.52194 35.24258 33.65588 40.10483 42.62018 46.10792 50.01429 58.68521 102.6527 104.1275 104.1275 -9999 -9999 -9999 -9999 -9999 -9999 -9999 -9999 -9999 -9999 -9999 -9999 -9999 -9999 -9999 -9999 -9999 -9999 -9999 -9999 -9999 -9999 -9999 -9999 2.287088 2.287088 47.76764 30.49183 42.72333 12.64911 -9999 -9999 -9999 -9999 -9999 -9999 -9999 -9999 -9999 -9999 -9999 122.2841 38.90526 105.2874 220.5843 97.2075 -9999 -9999 392.1691
13.39054 7.783011 21.25131 19.01863 11.43664 18.99384 19.09918 21.22976 27.67659 26.42601 21.586 13.75035 14.53589 21.18982 30.89168 32.80814 34.11372 36.82498 34.77268 58.24314 98.64897 -9999 -9999 -9999 -9999 -9999 -9999 -9999 -9999 -9999 -9999 -9999 -9999 -9999 -9999 -9999 -9999 -9999 -9999 -9999 -9999 -9999 -9999 -9999 -9999 -9999 -9999 -9999 -9999 -9999 -9999 -9999 -9999 -9999 -9999 -9999 -9999 -9999 -9999 -9999 -9999 -9999 -9999 -9999 -9999 -9999 -9999 -9999 -9999 -9999 -9999 360.7388
2.808633 2.422975 2.50623 5.738661 10.12189 10.81177 11.64578 19.72721 21.52737 23.91457 17.38364 9.266727 9.959945 10.93256 10.93256 20.08131 17.37008 7.29839 17.21605 42.45701 43.88717 47.27652 47.27652 -9999 -9999 -9999 -9999 -9999 -9999 -9999 -9999 -9999 -9999 -9999 -9999 -9999 -9999 -9999 -9999 -9999 -9999 -9999 -9999 -9999 -9999 -9999 -9999 -9999 -9999 -9999 -9999 -9999 -9999 -9999 -9999 -9999 -9999 -9999 -9999 -9999 -9999 -9999 -9999 -9999 -9999 -9999 -9999 -9999 -9999 -9999 863.7498 578.2424
2.502657 2.422979 2.422979 2.473186 9.599264 10.12239 10.12239 11.01056 18.69625 20.95029 2.214608 1.912363 2.109629 9.964428 10.93257 10.27044 7.545657 7.298394 7.298388 23.07254 30.85397 31.78648 47.19568 41.13641 40.4967 -9999 -9999 -9999 -9999 -9999 -9999 -9999 -9999 -9999 -9999 -9999 -9999 -9999 -9999 -9999 -9999 -9999 -9999 -9999 -9999 -9999 -9999 -9999 -9999 -9999 -9999 -9999 -9999 -9999 -9999 -9999 -9999 -9999 -9999 -9999 -9999 -9999 -9999 -9999 -9999 -9999 -9999 -9999 -9999 -9999 300.7185 206.5951
2.422977 2.422977 2.422977 2.422977 4.856478 7.059077 6.835768 4.989087 3.821993 6.340957 2.000653 1.912365 1.912365 6.11992 10.93257 10.93257 9.425304 6.411142 5.86856 5.12821 3.501147 3.501147 35.36532 40.72536 43.7125 83.5526 400.3083 306.3304 96.19892 53.86514 -9999 -9999 -9999 -9999 -9999 -9999 -9999 -9999 -9999 -9999 66.42645 10.78751 10.60295 17.88428 6.587138 6.329813 6.329813 -9999 -9999 -9999 -9999 -9999 -9999 -9999 -9999 -9999 -9999 -9999 -9999 -9999 -9999 -9999 -9999 -9999 -9999 -9999 -9999 -9999 -9999 644.3909 359.4281 358.4455
2.422979 2.422979 2.422979 2.422979 2.805422 3.599558 3.599559 3.599559 3.38228 2.095618 1.912364 1.912363 1.912363 2.493021 10.38303 10.93256 10.81108 7.747595 3.836186 3.501148 3.501148 3.250169 9.590167 16.6556 34.99656 42.5915 84.97942 26.13748 53.05516 78.6733 89.91508 -9999 -9999 -9999 -9999 -9999 -9999 -9999 -9999 66.42645 47.44561 10.43466 10.42219 17.58988 6.366213 6.329812 4.432145 1.489781 1.48978 1.48978 -9999 -9999 -9999 -9999 -9999 -9999 -9999 -9999 -9999 -9999 -9999 -9999 -9999 -9999 -9999 -9999 -9999 -9999 -9999 1795.401 292.2255 300.0992
2.422979 2.422979 2.422979 2.149437 3.275205 3.599557 3.599557 3.599557 2.544697 1.912365 1.912365 1.912365 1.912365 1.912365 3.758062 4.955235 5.455021 5.990767 4.22746 3.501147 2.894199 1.282602 0.9782166 3.680745 9.307695 4.538857 1.962316 1.290117 2.465614 5.395636 1.240687 1.220106 -9999 -9999 -9999 -9999 -9999 -9999 -9999 66.42645 59.24462 18.31991 12.81404 15.11926 6.334998 6.329813 2.582247 1.489778 1.489777 1.489738 1.002127 2.728262 3.763427 3.645205 -9999 -9999 -9999 -9999 -9999 -9999 662.5771 634.8019 572.5486 1923.657 -9999 -9999 -9999 -9999 4130.13 649.2895 424.1105 428.3585
2.422982 2.000643 1.104093 0.6338266 3.42055 3.599557 3.599557 3.592098 2.014204 1.912362 1.912362 1.912362 1.912362 1.912362 1.912362 1.912362 1.912362 1.912362 2.52699 3.501151 2.061576 0.9782165 0.9782165 2.888953 7.53578 1.982509 1.982509 1.787895 1.23796 1.220105 1.220105 1.220107 2.645533 3.167741 3.167738 3.167739 -9999 -9999 -9999 66.42645 46.59294 63.18732 37.24227 11.81474 5.554262 6.043168 1.536182 1.489779 1.489779 1.201992 0.0873551 1.595235 3.76343 3.476354 10.10247 10.27857 5.983684 5.983682 -9999 3443.105 1664.028 890.4037 957.1161 1047.198 737.8073 35.17089 13.1478 116.3395 377.2636 67.40751 100.5103 43.41665
1.624177 0.6902246 0.6305898 0.6675758 3.495205 3.599556 3.599556 3.387651 1.912363 1.912363 1.912363 1.912363 1.912363 1.912363 1.912363 1.912363 1.912363 1.912363 2.104182 3.500913 2.011655 0.978217 0.978217 1.519963 1.98251 1.98251 1.98251 1.98251 1.625333 1.249753 1.220105 1.220105 2.373071 3.167735 3.167735 3.167737 3.16774 3.167739 -9999 0.6379729 0.6379728 0.6379728 0.6379728 0.6379727 0.6843041 2.590668 1.434982 1.489778 1.489778 1.420433 0.09298621 0.4872618 1.261072 1.57967 10.2504 8.991096 5.983679 4.08231 9.564559 193.9156 282.8842 1165.692 1836.799 929.915 254.834 9.613189 6.375082 11.92424 12.46147 31.6436 28.01514 25.78922
0.7504583 0.6305907 0.6305907 1.004963 3.599559 3.599559 3.599559 3.163089 1.912367 1.912367 1.912367 1.912367 1.912367 1.912367 1.912367 1.912367 1.912367 1.912367 1.681783 1.87024 0.9816058 0.978218 0.978218 1.752991 1.982514 1.982514 1.982514 1.982514 1.982514 1.912111 1.220107 1.220107 1.857875 3.167742 3.167742 3.167742 3.167742 2.305319 0.6379727 0.6379735 0.6379742 0.6379735 0.6379731 0.6379742 0.6379742 0.6379742 1.390837 1.489781 1.489781 1.033497 0.2502043 0.08735523 0.08735523 0.08735523 3.539449 5.670092 1.887241 1.075707 5.034772 12.10367 6.112216 505.0401 3730.825 568.4669 76.77988 19.83403 1.663652 1.592825 1.346902 22.74621 24.06457 4.024308
0.6305896 0.6305896 0.6305896 1.119184 3.599558 3.599558 3.592644 2.306853 1.912366 1.912366 1.912366 1.912366 1.912366 1.912366 1.912366 1.912366 1.833447 0.9408039 0.1634802 0.7602253 0.9782172 0.9782172 0.9782172 1.657705 1.982509 1.982509 1.982509 1.920175 1.969618 1.40086 0.9332428 1.180024 1.274105 3.135464 3.16774 3.16774 3.16774 1.746518 0.6379732 0.6379734 0.6379732 0.6379732 0.6379732 0.6379732 0.6379732 0.6379732 1.389201 1.489781 1.489781 1.291177 0.9019608 0.7356972 0.3943005 0.09620073 0.08735514 0.08735517 0.08735517 0.08735517 0.08735517 0.2441993 0.817401 27.56051 1484.179 365.6796 21.68896 137.4765 1.128983 1.087555 1.062511 10.55569 11.89421 2.715007
0.630591 0.630591 0.630591 0.7260488 3.391074 2.841051 2.568003 1.912389 1.912369 1.912369 1.912369 1.912369 1.912369 1.912369 1.912369 1.400437 0.3480275 0.133692 0.133692 0.4200369 0.9782187 0.9782187 0.9782187 1.517776 1.982513 1.982513 1.884928 0.8047196 0.8961852 0.6046902 0.2703029 0.3901379 0.3817963 0.7757282 1.2159 2.118945 3.167745 0.925987 0.6379728 0.6379734 0.6379734 0.6379734 0.6379734 0.6379734 0.6379734 0.6379734 1.387568 1.489783 1.489783 1.454032 0.6927757 0.8227038 0.8184887 0.197764 0.08735525 0.08735524 0.08735528 0.08735528 0.4140764 0.732377 28.59635 821.7729 464.6057 68.77141 15.20473 6.403626 1.280682 0.5841285 0.6142744 1.825352 6.659078 2.475146
0.6305891 0.6305891 0.6305891 0.6305891 0.3093879 0.2058048 0.3735764 1.422218 1.842195 1.912362 1.903008 1.843179 1.534431 0.7918608 0.6079035 0.1358178 0.1336918 0.1336918 0.1336918 0.3119528 0.8660549 0.8160166 0.9176915 1.082799 1.756345 1.828897 0.9732084 0.6438711 0.6210153 0.3332568 0.2703025 0.2703027 0.2703028 0.2703024 0.2703024 0.458031 2.754772 0.6415629 0.6379731 0.6379731 0.6379731 0.6379731 0.6379731 0.6379731 0.6379731 0.6379731 1.38593 1.489779 1.489779 1.489779 0.08735503 0.08735502 0.1436674 0.08735502 0.08735502 0.1423503 0.3333845 0.554337 0.8398345 0.4134601 0 530.8713 14.73066 0.2159399 1.108938 4.61032 2.422305 1.347796 1.707463 4.706332 4.164127 4.706502
0.6305895 0.6305895 0.6305895 0.6304213 0.2502965 0.205805 0.205805 0.205805 0.2064383 0.2574438 0.209023 0.205805 0.1928823 0.1422549 0.1336918 0.1336918 0.1336918 0.1336918 0.1336918 0.2751433 0.6438723 0.6438723 0.6438723 0.6438723 0.6440089 0.7211402 0.6438723 0.6438723 0.6438723 0.6264648 0.3943173 0.3731761 0.2703027 0.2703027 0.2703027 0.2703027 0.2750424 0.3218585 0.5486286 0.6379734 0.6379734 0.6379734 0.6379734 0.6379734 0.6379734 0.6379734 1.182822 1.275994 1.293425 1.311291 0.08735515 0.08735515 0.08735515 0.08735515 0.08735515 0.6139507 0.8398428 0.8398428 0.6549968 0.08296928 0 535.0151 0 0 0 2.040045 5.225307 7.568572 1.716738 4.898381 4.914442 4.914441
0.6305893 0.6305893 0.6305893 0.5957056 0.2058047 0.2058047 0.2058047 0.2058047 0.2058047 0.2058047 0.2058047 0.2055518 0.1711741 0.1395706 0.1336918 0.1336918 0.1336918 0.1336918 0.1336918 0.2267914 0.6622511 0.6493664 0.6438707 0.6438707 0.6438707 0.6438707 0.6438707 0.6438707 0.6438709 0.8136365 2.087641 2.083709 0.2703025 0.2703025 0.2703025 0.2703025 0.2703025 0.2703025 0.5120953 0.6379725 0.6379725 0.6379725 0.6379725 0.6379725 0.6379725 0.6379725 0.6379725 0.6379725 0.6379725 0.6379725 0.08154302 0.08114641 0.08099536 0.08101992 0.149584 0.5786812 0.5821534 0.3342047 0.0229957 0.02266834 0.02240187 607.204 0 0 0 0.09313396 10.05128 9.28431 7.000532 4.914443 4.914443 4.914441
0.6305895 0.6305895 0.6305895 0.5675688 0.2058053 0.2058053 0.2058053 0.2058052 0.2058053 0.2058053 0.2058053 0.1968017 0.1339368 0.1336919 0.133692 0.133692 0.133692 0.133692 0.133692 0.3507816 0.6937308 0.6937259 0.6596316 0.6438722 0.6438722 0.6537623 0.6706642 0.6644191 2.14499 4.40175 5.292751 5.236485 1.323673 0.2703028 0.2703028 0.2703028 0.2703028 0.2703028 0.5026703 0.6209171 0.617273 0.6147739 0.6203609 0.6269057 0.6271054 0.6237072 0.6184888 0.6097203 0.6004297 0.5882965 0.06772313 0.06772313 0.06772313 0.06772313 0.06772313 0.06772313 0.06772313 0.06772313 0.06772313 0.06772313 0.06772313 258.9662 681.6855 0 0 0 4.352533 14.00953 5.803709 -9999 -9999 4.914444
0.6305891 0.6305891 0.625854 0.4382093 0.2058047 0.2058047 0.2058047 0.2058047 0.2058047 0.2058047 0.2058047 0.2058047 0.167931 0.1336917 0.1336916 0.1336916 0.1336916 0.1336916 0.1336916 0.2436856 0.6937298 0.6937298 0.6700774 0.6453677 0.6694247 0.6928763 0.6937298 0.6937298 4.550056 3.553872 1.570187 0.707611 0.2106384 0.2663897 0.2703026 0.2703026 0.2703026 0.2703026 0.1416332 0.07569333 0.07569333 0.07569333 0.07569333 0.07569333 0.07569333 0.07569333 0.07569333 0.07569333 0.07569333 0.07569335 0.06772294 0.06772294 0.06772294 0.06772294 0.06772294 0.06772294 0.06772294 0.06772294 0.06772294 0.06772294 0.06772294 0.06772294 368.5922 619.5752 0 0 0 7.017931 12.43999 -9999 -9999 4.914443
0.6305907 0.5652999 0.2255555 0.2058052 0.2058052 0.2058052 0.2058052 0.2058052 0.2058052 0.2058052 0.2058051 0.2058052 0.1877352 0.1357685 0.1336918 0.1336918 0.1336918 0.1336918 0.1690406 0.6436779 0.6937302 0.6937305 0.6863861 0.6864899 0.6937305 0.6937305 0.6734087 0.7331536 2.043505 0.2261703 0.1948083 0.1948083 0.1948083 0.2207977 0.2549038 0.2435642 0.2231447 0.2535962 0.1395272 0.07569344 0.07569344 0.07569344 0.07569344 0.07569344 0.07569344 0.07569344 0.07569344 0.07569344 0.07569344 0.07569344 0.06772318 0.06772318 0.06772318 0.06772318 0.06772318 0.06772318 0.06772318 0.06772318 0.06772318 0.08025949 0.2509933 0.3189705 0.4337592 439.4456 562.0485 284.8959 0 8.941755 30.64178 -9999 -9999 -9999
0.6305904 0.63059 0.3061869 0.2058048 0.2058048 0.2058048 0.2058048 0.2058048 0.2058048 0.2058048 0.2058048 0.2058048 0.2058048 0.1942635 0.1432035 0.1336918 0.1336918 0.1336918 0.1336918 0.4300666 0.6937307 0.6937306 0.6770856 0.6037697 0.5476152 0.3980481 0.2595993 0.1948085 0.1948085 0.1948085 0.1948085 0.1948085 0.1948085 0.1948085 0.1948085 0.1948085 0.1948085 0.1948085 0.1160071 0.0756935 0.0756935 0.0756935 0.0756935 0.0756935 0.0756935 0.0756935 0.0756935 0.0756935 0.0756935 0.0756935 0.2741027 0.2967359 0.3265459 0.3696257 0.4150806 0.4594963 0.4976856 0.5251216 0.5471686 0.462786 0.4683849 0.4683849 0.4683849 0.4683849 40.37249 407.3118 0 1.937351 17.17349 1.680091 -9999 -9999
0.6305893 0.6305893 0.4630782 0.2058047 0.2058047 0.2058047 0.2058047 0.2058047 0.2058047 0.2058047 0.2058047 0.2058047 0.2058047 0.2058047 0.1643157 0.1336919 0.1336919 0.1336919 0.1336919 0.1445031 0.6572095 0.6937297 0.5355726 0.1948083 0.1948083 0.1948083 0.1948083 0.1948083 0.1948083 0.1948083 0.1948083 0.1948083 0.1948083 0.1948083 0.1948083 0.1948083 0.1948083 0.1948083 0.116533 0.07569333 0.07569333 0.07569333 0.07569333 0.07569333 0.07569333 0.07569333 0.07569333 0.07569333 0.07569333 0.07569333 0.7898467 0.7898467 0.7898467 0.7898467 0.7898467 0.7898467 0.7898467 0.7898467 0.6391594 0.4706817 0.4683837 0.4683837 0.4683837 0.4683837 22.6963 156.1648 1.374545 0 0.02263382 0.2656056 -9999 -9999
0.6305893 0.6305893 0.4704147 0.2058049 0.2058049 0.2058049 0.2058049 0.2058049 0.2058049 0.2058049 0.2058049 0.2058049 0.2058049 0.2058049 0.1918424 0.1434124 0.1336917 0.1336917 0.1336917 0.1336917 0.4930828 0.6616376 0.576937 0.1948081 0.1948081 0.1948081 0.1948081 0.1948081 0.1948081 0.1948081 0.1948081 0.1948081 0.1948081 0.1948081 0.1948081 0.1948081 0.1948081 0.1948081 0.1170587 0.07569328 0.07569328 0.07569328 0.07569328 0.07569328 0.07569328 0.07569328 0.07569328 0.07569328 0.07569328 0.07569329 0.7898459 0.7898459 0.7898459 0.7898459 0.7898459 0.7898459 0.7898459 0.7898459 0.7267373 0.4798924 0.4683836 0.4683836 0.4683836 0.4683836 0.4652899 131.6954 13.62781 0 0 0.2683276 0.2879792 -9999
0.6305907 0.6305907 0.480271 0.2058051 0.2058051 0.2058051 0.2058051 0.2058051 0.2058051 0.2058051 0.2058051 0.2058051 0.2058051 0.2058051 0.2058051 0.2046336 0.1842034 0.1483293 0.1336918 0.1336918 0.135069 0.1366063 0.3194373 0.1854235 0.1948086 0.1948086 0.1948086 0.1948086 0.1948086 0.1948086 0.1948086 0.1948086 0.1948086 0.1948086 0.1948086 0.1948086 0.1948086 0.1948086 0.1175849 0.07569346 0.07569346 0.07569346 0.07569346 0.07569346 0.07569346 0.07569346 0.07569346 0.07569346 0.07569346 0.07569346 0.7898475 0.7898474 0.7898474 0.7898474 0.7898474 0.7898474 0.7898474 0.7898474 0.5947089 0.4683849 0.4683849 0.4683849 0.4683849 0.4683849 0.4673242 144.6231 12.76478 0 0 0.2201165 0.2879794 0.2879792
0.6305902 0.6305902 0.4930817 0.2058049 0.2058049 0.2058049 0.2058049 0.2058049 0.2058049 0.2058049 0.2058049 0.2058049 0.2058049 0.2058049 0.2058049 0.2058049 0.2058049 0.151153 0.1336918 0.1336918 0.1336918 0.1336918 0.1336918 0.152981 0.1944045 0.1948083 0.1948083 0.1948083 0.1948083 0.1948083 0.1948083 0.1948083 0.1948083 0.1948083 0.1948083 0.1948083 0.1948083 0.1948083 0.1181107 0.07569335 0.07569335 0.07569335 0.07569335 0.07569335 0.07569335 0.07569335 0.07569335 0.07569335 0.07569335 0.07569335 0.789847 0.789847 0.789847 0.789847 0.789847 0.789847 0.789847 0.789847 0.5377184 0.4683852 0.4683852 0.4683852 0.4683852 0.4683852 0.4571304 0.001529357 0 0 0 0.3433836 0.9471171 0.4420466
0.6305888 0.6305888 0.5052452 0.2058047 0.2058047 0.2058047 0.2058047 0.2058047 0.2058047 0.2058047 0.2058047 0.2058047 0.2058047 0.2058047 0.2058047 0.2058047 0.2058047 0.1644396 0.1565898 0.1518281 0.1461843 0.1401277 0.1084512 0.04151344 0.03265321 0.06963003 0.1079567 0.1763055 0.194808 0.1948048 0.1993961 0.2080598 0.2078305 0.1988715 0.194808 0.194808 0.194808 0.1948081 0.1186364 0.07569337 0.07569337 0.07569337 0.07569337 0.07569337 0.07569337 0.07569337 0.07569337 0.07569337 0.07569337 0.07569337 0.7898455 0.7898456 0.7898456 0.7898456 0.7898456 0.7898456 0.7898456 0.7898138 0.4965319 0.4683837 0.4683837 0.4683837 0.4683837 0.4683837 0.4547409 0 0 0 0 0.46628 1.57665 1.331331
0.6305906 0.6305906 0.5157471 0.2058051 0.2058051 0.2058051 0.2058051 0.2058051 0.2058051 0.2058051 0.2058051 0.2058051 0.2058051 0.2058052 0.2058051 0.2058051 0.2058051 0.205805 0.2058051 0.2058051 0.2327157 0.3682038 0.01957296 0.01877021 0.01877021 0.01877021 0.01877021 0.0349228 0.1181931 0.05619849 0.1958886 0.214214 0.214214 0.2142014 0.2091155 0.199916 0.1948204 0.1948083 0.1191627 0.0756935 0.0756935 0.0756935 0.0756935 0.0756935 0.0756935 0.0756935 0.0756935 0.0756935 0.0756935 0.0756935 0.7898476 0.7898476 0.7898476 0.7898476 0.7898476 0.7898476 0.7898476 0.7713048 0.4683846 0.4683846 0.4683846 0.4683846 0.4683846 0.3428234 0.1717407 0.0002240958 0 0 0 0.5449825 1.065745 0.887031
0.6305897 0.6305897 0.5921331 0.324284 0.2058047 0.2058047 0.2058047 0.2058047 0.2058047 0.2058047 0.2058047 0.2058047 0.2058047 0.2058048 0.2058048 0.2058047 0.2058047 0.2058047 0.2128753 0.3383515 0.475643 0.4774518 0.01877018 0.01877018 0.01877018 0.01877018 0.01877018 0.01877018 0.01877018 0.01877018 0.1580366 0.2142138 0.2142138 0.2142138 0.2142138 0.2142138 0.210067 0.2008265 0.1197768 0.07569338 0.07569338 0.07569338 0.07569338 0.07569338 0.07569338 0.07569338 0.07569338 0.07569338 0.07569338 0.07569338 0.7862426 0.7848666 0.784638 0.7844771 0.7841624 0.7834816 0.7836226 0.7154644 0.4671391 0.4673837 0.4670233 0.4667291 0.3809455 0.03618012 0.01574603 0.03736677 0.01508246 0 0.3125865 0.7047313 0.8866542 0.8866542
0.5022802 0.629568 0.6305895 0.6293592 0.2605124 0.2058048 0.2058048 0.2058048 0.2058048 0.2058048 0.2058048 0.2058048 0.2058048 0.2058048 0.2058048 0.2058048 0.2058048 0.2820323 0.4453329 0.4890624 0.4890626 0.4825188 0.0187702 0.0187702 0.0187702 0.0187702 0.0187702 0.0187702 0.0187702 0.0187702 0.1382323 0.2142137 0.2142137 0.2142137 0.2142137 0.2142137 0.2142137 0.2142137 0.1906275 0.1220023 0.07683605 0.07569342 0.07569342 0.07569342 0.07569342 0.07569342 0.07569342 0.07569342 0.07569342 0.07569342 0.3555547 0.3555399 0.3555399 0.3555399 0.3555399 0.3555399 0.3555399 0.3555399 0.3555399 0.3555432 0.3555399 0.3555399 0.3555398 0.3555399 1.891197 3.633802 2.961022 0.4940897 0.8500347 0.8866557 0.8866557 0.8866557
0.2821077 0.369198 0.5879748 0.63059 0.392207 0.205805 0.205805 0.205805 0.205805 0.205805 0.205805 0.205805 0.205805 0.205805 0.205805 0.2362954 0.3933421 0.4887898 0.4890625 0.4890625 0.4890625 0.4828583 0.01877021 0.01877021 0.01877021 0.01877021 0.01877021 0.01877021 0.01877021 0.01877021 0.05731782 0.208969 0.2142139 0.2142139 0.2142139 0.2142139 0.2142139 0.2142139 0.2142139 0.2142139 0.1914516 0.123055 0.07694447 0.07569347 0.07569347 0.07569347 0.07569347 0.07569347 0.07569347 0.07569347 0.35554 0.3555401 0.3555401 0.3555401 0.3555401 0.3555401 0.3555401 0.3555401 0.3555401 0.3555401 0.3555401 0.35554 0.35554 0.3555401 1.930881 3.633807 2.818409 0.8866552 0.8866552 0.8866552 0.8866552 0.8866552
