Downloaded_Data/glds90ag30.asc
ncols         720
nrows         286
xllcorner     -180
yllcorner     -58
cellsize      0.5000000000004
NODATA_value  -9999
[rows 192 to 223 of 286, columns 360 to 431 of 720]
-9999 -9999 -9999 -9999 -9999 -9999 -9999 -9999 -9999 -9999 -9999 -9999 -9999 -9999 -9999 -9999 -9999 -9999 -9999 -9999 -9999 -9999 -9999 -9999 -9999 -9999 -9999 11.0839 11.08391 11.08391 11.08391 13.2627 15.48211 14.46432 14.049 9.907804 9.777543 11.85174 5.038043 1.695899 1.682026 1.808214 1.709311 1.516699 2.258855 2.095705 1.920234 1.511284 7.62622 12.80762 12.71231 17.66858 18.13443 19.08051 17.46861 23.28302 9.310009 9.689199 9.881584 12.22704 10.0394 5.942312 3.903012 5.931387 3.973729 3.069004 13.4206 53.47204 59.92651 36.64617 27.67994 9.639104
-9999 -9999 -9999 -9999 -9999 -9999 -9999 -9999 -9999 -9999 -9999 -9999 -9999 -9999 -9999 -9999 -9999 -9999 -9999 -9999 -9999 -9999 -9999 -9999 -9999 -9999 -9999 13.02715 12.06013 11.25488 18.59815 42.57261 38.04207 15.58884 14.4394 13.38596 14.12424 12.88301 2.299086 1.467555 1.467555 1.467555 1.467555 1.467555 1.467555 1.467555 1.467555 1.506833 4.60627 4.651206 6.154604 13.37713 17.31623 18.10493 127.8202 107.1586 8.397665 9.389325 9.716765 11.75924 8.269608 3.21915 3.21915 3.704852 3.210277 3.07598 24.95544 31.7295 72.92405 7.092805 5.975154 0.8982297
-9999 -9999 -9999 -9999 -9999 -9999 -9999 -9999 -9999 -9999 -9999 -9999 -9999 -9999 -9999 -9999 -9999 -9999 -9999 -9999 -9999 -9999 -9999 -9999 -9999 -9999 15.23602 15.23599 15.23594 14.58429 39.43456 42.63912 37.97154 14.76781 14.4643 14.4643 14.16534 6.067231 1.467555 1.467555 1.467555 1.467555 1.467555 1.467555 1.467555 1.467555 1.467555 1.497358 4.455681 4.65269 4.717414 4.732602 4.732602 4.74218 17.42397 44.26912 25.55344 5.708193 8.711537 6.68862 4.077542 3.232157 3.219151 3.219151 6.485312 11.88354 26.94831 24.72312 91.20277 11.91147 3.056638 1.139831
-9999 -9999 -9999 -9999 -9999 -9999 -9999 -9999 -9999 -9999 -9999 -9999 -9999 -9999 -9999 -9999 -9999 -9999 -9999 -9999 -9999 -9999 -9999 -9999 -9999 15.23602 15.23602 15.23602 15.23602 22.67767 42.3414 42.63917 38.51858 14.65556 14.46431 14.46431 8.513983 1.467554 1.467554 1.467554 1.467554 1.467554 1.467554 1.467554 1.467554 1.467929 1.483926 1.821768 4.512074 4.633346 4.240874 4.204918 4.256373 5.142068 7.560404 43.45883 213.0659 50.69107 5.027451 4.909039 4.716702 3.947691 3.277652 3.565233 12.06583 13.10696 26.22691 47.31549 59.1017 12.1714 7.987378 1.766845
-9999 -9999 -9999 -9999 -9999 -9999 -9999 -9999 -9999 -9999 -9999 -9999 -9999 -9999 -9999 -9999 -9999 -9999 -9999 -9999 -9999 -9999 -9999 -9999 -9999 15.23602 15.236 15.236 15.236 17.73754 37.84172 41.36672 35.03461 15.61081 14.46431 14.12444 2.751011 1.467554 1.467554 1.467554 1.467554 1.467554 1.467554 1.467627 4.339921 4.357091 4.365327 4.468285 4.515176 2.326642 1.282444 1.921954 2.110351 4.14284 7.461372 7.600241 39.48358 42.3653 4.628702 4.601223 4.716699 4.716699 4.717983 18.79233 26.39238 22.82044 55.25839 95.44067 56.34144 9.337936 36.48049 6.931896
-9999 -9999 -9999 -9999 -9999 -9999 -9999 -9999 -9999 -9999 -9999 -9999 -9999 -9999 -9999 -9999 -9999 -9999 -9999 -9999 -9999 -9999 -9999 -9999 1.82003 3.587908 5.788224 13.04826 13.47614 11.27704 12.55152 17.54046 10.3841 14.20489 14.46432 9.802868 0.9596746 1.351366 1.467555 1.467555 1.467555 1.467555 1.467555 1.467555 3.783816 4.185048 4.35818 4.444391 4.146135 1.507325 1.266518 1.829017 2.110353 3.905723 9.167649 9.217648 8.384886 5.808802 3.463867 3.578957 5.487031 6.203095 11.9805 24.96905 29.48726 46.59286 113.3366 218.6894 86.99009 105.4477 21.15557 5.379781
-9999 -9999 -9999 -9999 -9999 -9999 -9999 -9999 -9999 -9999 -9999 -9999 -9999 -9999 -9999 -9999 -9999 -9999 -9999 -9999 -9999 -9999 -9999 -9999 1.82003 1.820027 1.820027 8.033795 10.29368 10.29368 10.29368 10.29368 10.00849 0.8198655 5.847773 0.6458274 0.6082486 0.8569828 1.152649 1.387835 1.467554 1.467554 1.467554 1.467554 4.575221 3.839623 3.396956 3.32465 3.297796 4.037224 1.524696 1.435854 2.03108 3.40814 10.39715 11.00092 36.58682 8.995974 3.463865 3.463865 9.712669 13.4785 14.28919 28.50566 23.19627 13.12344 28.88554 180.2331 142.2947 84.33463 102.9898 34.00285
-9999 -9999 -9999 -9999 -9999 -9999 -9999 -9999 -9999 -9999 -9999 -9999 -9999 -9999 -9999 -9999 -9999 -9999 -9999 -9999 -9999 -9999 -9999 -9999 1.820029 1.820031 3.155499 9.423057 10.29368 10.29368 10.29368 10.29368 10.29368 2.325148 0.6082481 0.6082481 0.6082481 0.6082481 0.6082481 0.8055432 1.382302 1.445374 1.467553 1.467569 5.855115 5.620522 7.752512 8.01967 5.315176 5.292959 4.587583 6.286415 5.760028 7.145638 9.147634 10.99358 33.73376 10.16515 5.014015 8.088779 12.70604 9.114083 6.424451 3.584535 2.530874 3.00465 4.955252 11.81755 56.84536 128.9957 98.91078 83.00359
-9999 -9999 -9999 -9999 -9999 -9999 -9999 -9999 -9999 -9999 -9999 -9999 -9999 -9999 -9999 -9999 -9999 -9999 -9999 -9999 -9999 -9999 -9999 -9999 1.820031 1.820031 4.753058 10.26124 10.29369 10.29369 10.29369 9.084877 7.560289 3.022871 0.6390933 0.6082493 0.6082493 0.6082493 0.6082493 0.6082493 0.6082686 0.6213651 1.091469 1.468859 5.856481 7.232392 14.84124 14.62835 6.408774 5.35009 5.521169 6.149077 6.250747 6.44781 7.099157 9.563286 241.9682 12.51933 12.99101 9.942328 3.615215 2.117428 2.466755 2.875625 2.096669 1.95366 6.096138 4.70691 16.93963 66.05654 171.0968 43.07074
-9999 -9999 -9999 -9999 -9999 -9999 -9999 -9999 -9999 -9999 -9999 -9999 -9999 -9999 -9999 -9999 -9999 -9999 -9999 -9999 -9999 -9999 -9999 1.820031 1.820029 1.820029 1.820029 9.299087 10.06599 8.532547 8.031168 2.793483 2.784969 2.784969 1.763594 0.6082485 0.6082485 0.6082485 0.6082485 0.6082485 0.6082485 0.6082485 0.6185488 1.250914 5.815685 5.370052 5.365179 10.42449 4.474395 3.439085 5.018306 4.717515 4.717515 4.717515 15.27129 22.57528 51.419 13.02169 11.54435 9.709099 10.29817 4.383181 3.178454 4.231434 5.771976 13.54202 9.526484 8.592482 28.43255 90.22386 378.8777 108.6561
-9999 -9999 -9999 -9999 -9999 -9999 -9999 -9999 -9999 -9999 -9999 -9999 -9999 -9999 -9999 -9999 -9999 -9999 -9999 -9999 -9999 -9999 -9999 1.820031 1.82003 1.82003 2.012429 6.721416 3.901656 2.784969 3.019796 2.784969 2.784969 2.784969 2.355823 0.6082494 0.6082494 0.6082494 0.6082494 0.6082494 0.6082494 0.6082494 0.6082494 0.6789523 4.63284 4.925972 4.925972 4.92597 3.139333 2.477585 4.001074 4.977499 5.033307 12.7858 33.66963 27.67594 13.11292 12.46427 11.35802 11.83966 14.63355 15.95163 15.33908 17.86934 3.749966 3.634776 15.87011 30.84241 6.581043 89.62888 191.6107 79.32893
-9999 -9999 -9999 -9999 -9999 -9999 -9999 -9999 -9999 -9999 -9999 -9999 -9999 -9999 -9999 -9999 -9999 -9999 -9999 -9999 -9999 -9999 -9999 1.820029 1.820031 1.817737 2.263587 2.784971 2.784971 2.784971 2.784971 2.784971 2.784971 2.784971 1.731541 0.6082487 0.6082487 0.6082487 0.6082487 0.6082487 0.6082487 0.6082487 0.6082487 0.6082487 1.578651 4.683948 4.925978 3.844048 2.477586 2.478816 4.433868 5.539651 5.54278 14.44002 23.12709 8.080414 6.902592 7.534489 10.92274 11.85105 14.59446 20.09366 29.01263 34.38697 31.33245 19.83401 6.246353 4.3322 7.527338 18.84732 57.20965 22.95943
-9999 -9999 -9999 -9999 -9999 -9999 -9999 -9999 -9999 -9999 -9999 -9999 -9999 -9999 -9999 -9999 -9999 -9999 -9999 -9999 -9999 -9999 -9999 1.07081 1.045849 0.860052 0.5308415 1.787933 2.494359 7.224228 10.26843 15.00673 9.040931 3.893063 2.176486 1.249506 0.7388896 0.6082594 0.608249 0.608249 0.608249 0.608249 0.608249 0.608249 0.608249 1.518777 3.923773 2.489315 4.539659 2.486133 5.09568 5.55349 7.862163 5.830027 22.35122 7.47446 8.781386 14.91288 14.28138 12.10431 24.45611 40.8428 40.47476 33.21346 29.13132 24.57538 8.272752 2.325024 6.382443 12.90364 38.24886 27.62973
-9999 -9999 -9999 -9999 -9999 -9999 -9999 -9999 -9999 -9999 -9999 -9999 -9999 -9999 -9999 -9999 -9999 -9999 -9999 -9999 -9999 -9999 -9999 0.5167267 0.5167463 0.5167176 0.5166888 0.51666 1.226023 12.83483 20.93786 61.45193 25.45534 5.090734 3.092422 3.127177 1.278188 1.28788 1.089859 5.645337 0.6936529 0.6278844 0.7472534 0.7620251 1.116167 0.773075 1.437308 2.811635 12.16726 7.851188 4.779134 24.6695 10.63532 8.66597 12.98809 6.707437 17.20292 20.65121 21.50136 18.87188 34.1519 83.79101 187.3811 42.94993 31.95674 23.29071 7.970318 1.375518 6.876985 16.18856 19.72417 13.59364
-9999 -9999 -9999 -9999 -9999 -9999 -9999 -9999 -9999 -9999 -9999 -9999 -9999 -9999 -9999 -9999 -9999 -9999 -9999 -9999 -9999 -9999 -9999 0.7456163 0.7456171 0.7456171 0.7456171 0.7456171 1.118637 3.031808 1.550624 3.908191 12.30785 1.871076 1.431307 1.432106 1.291658 1.944068 2.168312 7.255859 1.041584 1.329385 2.045485 1.864942 1.517409 0.9478707 1.255159 3.298791 1.117325 0.959104 1.099378 4.220449 4.357889 4.61306 6.28717 8.117496 20.05998 20.65121 21.61973 23.99356 31.4264 31.65759 47.17718 35.68119 30.24054 28.83544 12.21042 2.501804 5.762849 5.715914 4.648346 12.53253
-9999 -9999 -9999 -9999 -9999 -9999 -9999 -9999 -9999 -9999 -9999 -9999 -9999 -9999 -9999 -9999 -9999 -9999 -9999 -9999 -9999 -9999 -9999 -9999 0.7455115 0.7448575 0.7451087 0.74536 1.036351 1.580411 1.565317 0.7904001 2.112561 2.167114 0.8701822 0.6625846 1.233326 1.720176 1.934697 1.670295 1.041146 1.342704 0.9442286 0.9442286 0.9442286 0.9442286 0.7838195 0.6733245 0.6262933 0.6261212 0.6261212 2.036988 4.357882 4.357882 4.766152 10.77395 15.94529 21.44337 23.12152 23.5961 22.93856 20.89485 20.50819 26.95375 39.19305 58.47687 16.82328 13.49693 11.57645 3.444413 2.523892 7.18167
-9999 -9999 -9999 -9999 -9999 -9999 -9999 -9999 -9999 -9999 -9999 -9999 -9999 -9999 -9999 -9999 -9999 -9999 -9999 -9999 -9999 -9999 -9999 -9999 0.346415 0.3464152 0.3464152 0.3464152 0.519967 0.9728344 0.8132479 0.6675824 1.917114 1.968533 0.8507558 4.535394 1.407302 1.400675 0.6818101 0.5618064 0.5032184 0.6059836 0.9442285 0.9442285 0.9442285 0.7588252 0.7057038 0.6867987 0.6867971 0.7227838 2.631072 2.661424 4.160489 5.104874 9.03355 11.95654 9.746743 14.81452 26.5799 30.53463 19.93672 18.98234 25.94274 34.64703 53.28588 42.02516 57.22064 36.21662 29.24453 18.39147 3.93047 2.236355
-9999 -9999 -9999 -9999 -9999 -9999 -9999 -9999 -9999 -9999 -9999 -9999 -9999 -9999 -9999 -9999 -9999 -9999 -9999 -9999 -9999 -9999 -9999 -9999 -9999 0.3464149 0.3464174 0.3464167 0.346335 0.339426 0.3374307 0.4381707 1.142881 0.8801236 0.6771836 0.7729746 1.375182 0.9131054 0.2346438 0.2335938 0.2335938 0.2373531 0.9442278 0.9442278 0.9442278 0.7133835 0.6867983 0.6867983 0.6867983 0.7231898 2.637155 2.637155 2.985476 8.120948 13.27409 12.97644 10.41213 7.162465 13.61057 28.14937 23.92379 26.24549 27.57041 29.9887 41.24803 30.74175 11.67737 14.10065 22.61447 137.4118 182.7062 -9999
-9999 -9999 -9999 -9999 -9999 -9999 -9999 -9999 -9999 -9999 -9999 -9999 -9999 -9999 -9999 -9999 -9999 -9999 -9999 -9999 -9999 -9999 -9999 -9999 -9999 -9999 0.4857517 0.485752 0.485752 0.4737702 0.3748304 0.4862346 1.758829 1.763463 0.5289701 0.755475 1.085092 1.089728 0.3887113 0.4341058 0.2435575 0.2448835 0.9442289 0.9442289 0.944229 0.7508947 0.6867986 0.6575522 0.560508 1.169467 2.178724 2.637152 2.637153 2.681728 7.637598 12.41285 168.4875 430.5836 12.90318 20.49323 39.79132 35.54179 48.60747 36.08442 41.3459 49.18011 12.55136 9.286685 14.6371 12.07653 -9999 -9999
-9999 -9999 -9999 -9999 -9999 -9999 -9999 -9999 -9999 -9999 -9999 -9999 -9999 -9999 -9999 -9999 -9999 -9999 -9999 -9999 -9999 -9999 -9999 -9999 -9999 -9999 0.485752 0.4856029 0.4749252 0.4704385 0.3409461 1.549255 1.905079 0.3741055 0.4010932 0.872277 1.069078 0.8012019 0.6782147 0.6782147 0.2629361 0.2667471 0.9372413 0.9420947 0.9441329 0.7700258 0.6862419 0.5971676 0.4380574 1.51997 0.5551307 2.400282 2.637155 2.637153 10.42366 15.17818 11.99227 13.4942 10.81638 28.22008 34.85467 32.86105 29.26176 17.03018 41.54998 18.50608 7.614309 7.092123 8.409129 8.980447 6.309381 -9999
-9999 -9999 -9999 -9999 -9999 -9999 -9999 -9999 -9999 -9999 -9999 -9999 -9999 -9999 -9999 -9999 -9999 -9999 -9999 -9999 -9999 -9999 -9999 -9999 -9999 -9999 -9999 0.3274858 0.2802282 0.2849642 0.2899355 0.385837 0.4036686 1.052951 0.3445811 0.3445811 0.4075684 0.5143263 0.6195 0.6782155 0.2631336 0.2626297 0.2260136 0.2260136 0.2263519 0.2261912 0.2260136 0.2355069 0.3583508 0.3819225 0.3819225 0.3858228 1.844406 2.276094 5.714172 16.90532 11.99309 11.5629 11.28266 10.74578 8.485695 7.530715 8.439643 9.780622 17.78912 3.634538 3.92487 3.687792 4.481247 6.714988 8.457568 -9999
-9999 -9999 -9999 -9999 -9999 -9999 -9999 -9999 -9999 -9999 -9999 -9999 -9999 -9999 -9999 -9999 -9999 -9999 -9999 -9999 -9999 -9999 -9999 -9999 -9999 -9999 -9999 0.2702817 0.2726273 0.2829576 0.2959155 0.3975931 0.682722 1.951678 0.3513452 0.349665 0.3903824 0.4076599 0.4497738 0.4757429 0.2628595 0.2627501 0.2260612 0.2260135 0.2260135 0.2260136 0.2260136 0.2260137 0.2462228 0.3697443 0.3819222 0.8492118 2.079303 2.184495 3.189306 5.49246 6.291338 7.560009 8.465881 5.90409 6.097491 7.090258 8.862908 8.823391 1.82471 1.633622 2.426284 2.204123 3.944388 7.199139 12.58886 25.995
-9999 -9999 -9999 -9999 -9999 -9999 -9999 -9999 -9999 -9999 -9999 -9999 -9999 -9999 -9999 -9999 -9999 -9999 -9999 -9999 -9999 -9999 -9999 -9999 -9999 -9999 -9999 -9999 0.2702817 0.2748687 0.3580413 0.399606 0.6746548 1.8429 10.10406 0.3609524 0.6733967 0.7165684 0.6141549 0.5891368 0.2261652 0.2262409 0.2260149 0.226014 0.226014 0.226014 0.226014 0.2260139 0.226014 0.2671113 1.340083 2.17166 2.1845 2.433753 5.55354 5.817517 4.800393 4.481709 2.927347 3.052437 10.01382 8.31336 7.039588 3.485008 2.143324 0.9169959 0.7552047 2.084267 2.991147 9.980155 18.70035 26.09852
-9999 -9999 -9999 -9999 -9999 -9999 -9999 -9999 -9999 -9999 -9999 -9999 -9999 -9999 -9999 -9999 -9999 -9999 -9999 -9999 -9999 -9999 -9999 -9999 -9999 -9999 -9999 -9999 73.40938 10.78248 0.3015054 0.3875539 0.364357 5.211091 36.90782 0.3590142 1.064856 1.786748 0.6285616 0.5892145 0.2260136 0.2260136 0.2260136 0.2260136 0.2260136 0.2260136 0.2260136 0.2260136 0.2260136 0.2260136 1.265603 3.322511 3.932361 5.293057 6.748178 6.798826 3.051339 11.47239 3.709274 5.509156 93.75536 82.22345 0.08399377 0.8698967 1.934976 1.294551 0.7380757 1.643434 2.166225 6.412172 10.04457 8.108015
-9999 -9999 -9999 -9999 -9999 -9999 -9999 -9999 -9999 -9999 -9999 -9999 -9999 -9999 -9999 -9999 -9999 -9999 -9999 -9999 -9999 -9999 -9999 -9999 -9999 -9999 -9999 -9999 0.03422683 0.03436245 0.1238829 0.2802065 0.35945 1.090052 7.443661 0.3590147 0.5146915 0.9474764 0.739221 0.7456653 0.2299734 0.229973 0.2299488 0.2299159 0.2299025 0.2804192 1.376113 1.44237 1.433845 1.428676 3.487622 7.527476 8.056235 7.314125 5.770081 6.822522 8.056426 27.53672 31.31346 42.19188 136.6102 68.16504 0.08178947 0.6729649 0.9621972 1.393765 1.016644 1.203336 2.053297 6.825675 48.81691 53.53462
-9999 -9999 -9999 -9999 -9999 -9999 -9999 -9999 -9999 -9999 -9999 -9999 -9999 -9999 -9999 -9999 -9999 -9999 -9999 -9999 -9999 -9999 -9999 -9999 -9999 -9999 -9999 -9999 0.1635218 0.1960888 0.1676326 0.2092575 0.4091535 0.6665406 0.6599925 0.3734841 0.3362414 0.5100155 0.5636802 0.631697 0.2364377 0.2364377 0.2364377 0.2364377 0.2364377 0.2767444 3.190753 3.500964 3.500964 3.500964 5.371425 6.8121 7.48141 7.176683 1.328556 4.060273 5.684074 49.79072 93.34781 73.59238 135.2384 26.66733 26.23743 1.138045 2.653904 3.582427 2.155417 1.926638 2.934182 8.43936 84.75699 173.737
-9999 -9999 -9999 -9999 -9999 -9999 -9999 -9999 -9999 -9999 -9999 -9999 -9999 -9999 -9999 -9999 -9999 -9999 -9999 -9999 -9999 -9999 -9999 -9999 -9999 -9999 -9999 -9999 0.2264888 0.2264887 0.2264887 0.2264887 0.2877797 0.4442622 1.381451 1.165404 0.3245947 0.3245947 0.3245947 0.3245739 0.1150298 0.2052947 0.2364379 0.2364379 0.2364379 0.2364379 4.283048 4.356443 3.93607 3.563445 4.20839 6.651144 7.12193 4.327592 1.285591 1.810317 4.049412 39.76929 38.31612 75.59528 65.18542 14.42796 0.7467417 0.4307598 2.565746 15.16236 10.05618 6.41835 7.768809 16.88064 56.46735 42.18436
-9999 -9999 -9999 -9999 -9999 -9999 -9999 -9999 -9999 -9999 -9999 -9999 -9999 -9999 -9999 -9999 -9999 -9999 -9999 -9999 -9999 -9999 -9999 -9999 -9999 -9999 -9999 -9999 -9999 0.2264888 0.2264885 0.2264885 0.2264885 0.2264886 0.8543765 1.539718 0.3205858 0.3245942 0.3245942 0.3244751 0.01476506 0.004973755 0.06558862 0.1546203 0.2697746 0.3174152 3.302619 3.619904 4.154912 3.828395 4.449524 40.81275 11.44506 5.60991 19.99833 3.37941 19.01756 17.89026 24.95948 104.1689 42.56719 23.36607 194.4966 0.1351441 1.643259 22.37721 65.65733 85.35416 37.01942 49.35449 48.09007 -9999
-9999 -9999 -9999 -9999 -9999 -9999 -9999 -9999 -9999 -9999 -9999 -9999 -9999 -9999 -9999 -9999 -9999 -9999 -9999 -9999 -9999 -9999 -9999 -9999 -9999 -9999 -9999 -9999 -9999 0.2221377 0.2221313 0.2236598 0.2264887 0.2264899 0.2264887 0.2264887 0.2510484 0.3235095 0.3242019 0.3245489 0.07162236 0.009011732 0.003564181 0.05677043 0.424 0.5524879 0.4346031 0.6008132 1.67069 2.693247 3.540243 49.28307 14.40444 30.27108 49.76363 50.41469 197.3904 115.2691 88.1534 27.46735 7.240448 15.97248 119.5378 2.921038 5.92799 37.19455 38.11144 171.4306 57.53719 -9999 -9999 -9999
-9999 -9999 -9999 -9999 -9999 -9999 -9999 -9999 -9999 -9999 -9999 -9999 -9999 -9999 -9999 -9999 -9999 -9999 -9999 -9999 -9999 -9999 -9999 -9999 -9999 -9999 -9999 -9999 -9999 0.2220999 0.2221004 0.2223128 0.2267545 0.2497895 0.2469285 0.2531541 0.2562422 0.1727049 0.1700549 0.1943023 0.08334643 0.03838744 0.0224911 0.4678632 0.5754537 0.3823458 0.5080707 3.082845 1.073033 5.544521 12.59282 56.46931 6.308702 7.373839 61.64437 75.12039 390.9029 28.64575 84.92951 9.885201 6.378737 13.22386 44.55657 85.24097 96.96781 381.3829 -9999 -9999 -9999 -9999 -9999 -9999
-9999 -9999 -9999 -9999 -9999 -9999 -9999 -9999 -9999 -9999 -9999 -9999 -9999 -9999 -9999 -9999 -9999 -9999 -9999 -9999 -9999 -9999 -9999 -9999 -9999 -9999 -9999 -9999 -9999 23.66016 0.2220999 0.2220999 0.2220999 0.2489556 0.2563998 0.2530593 2.111452 0.1680976 0.1493735 0.1493956 0.2971556 0.08789995 0.3515257 0.5754536 0.5082679 0.4149842 2.37544 6.252233 5.0509 2.282165 40.5 34.48581 17.35212 7.682993 75.8803 679.0207 754.2584 29.83767 37.14112 16.82879 7.120141 58.51318 57.33316 37.18006 99.1327 80.39593 -9999 -9999 -9999 -9999 -9999 -9999
-9999 -9999 -9999 -9999 -9999 -9999 -9999 -9999 -9999 -9999 -9999 -9999 -9999 -9999 -9999 -9999 -9999 -9999 -9999 -9999 -9999 -9999 -9999 -9999 -9999 -9999 -9999 -9999 -9999 -9999 1.214139 0.2221003 0.2221003 0.2441384 0.2564003 0.1997596 3.032888 0.1493736 0.1493736 0.1493863 1.50183 0.5843706 0.4473768 0.3732344 0.3557769 1.028779 5.351506 11.07012 10.08976 14.32143 12.03156 12.35937 8.642779 104.619 57.67916 284.2188 39.29504 14.1955 57.57198 14.61723 8.767365 23.39103 50.77913 30.89804 17.74016 14.17087 -9999 -9999 -9999 -9999 -9999 -9999
