Downloaded_Data/glds10ag30.asc
ncols         720
nrows         286
xllcorner     -180
yllcorner     -58
cellsize      0.5000000000004
NODATA_value  -9999
[rows 64 to 95 of 286, columns 144 to 215 of 720]
0.7878675 0.7296736 2.202776 3.56982 2.093053 1.874029 4.142306 2.846513 0.9548482 1.029687 0.3133617 1.051004 0.08913277 0.219592 1.003848 0.06914685 0.06914686 0.06913542 0.06914686 0.06914689 0.06914689 0.4139372 0.06914696 0.06914696 0.06914696 0.05812575 0.02344192 0.318013 0.04709208 0.09261033 0.1040618 0.02274206 0.02274204 0.2798215 0.02274204 0.02274206 0.02274206 0.293253 0.02812508 0.1785306 0.02274206 0.2418493 0.02274206 0.02274206 0.02274206 0.02274206 0.02274206 0.02274206 0.02274206 0.02274206 0.02274206 0.7614167 0.01227903 0.0002460457 0.0002460457 -9999 0.0002460457 -9999 0.9665061 0.006294343 0.006294343 0.006294343 0.006294342 0.00629434 0.006294343 0.006294343 0.006294343 0.006294343 0.006294343 0.006294343 0.006294343 0.006294343
1.891993 2.361793 120.3564 1.864076 1.666663 3.880952 2.062682 1.466478 1.800333 0.6464509 0.6023642 0.4177515 0.4110962 3.302 0.5681735 0.6447871 0.07245696 0.0691468 0.06914679 0.06914694 0.06914687 1.047198 0.4611453 0.06914679 0.06914679 0.5798796 0.02274199 0.1676895 0.02274199 0.03692227 0.02271684 0.02274199 0.02274199 0.02274199 0.02274199 0.02274199 0.02274199 0.02274199 0.02274199 0.022742 0.1400302 0.02274199 0.02274199 0.02274199 0.02274199 0.022742 0.02274199 0.02274199 0.02274199 0.02274199 0.02274199 0.02305864 0.8235664 0.02466667 0.02466668 -9999 0.0002460457 0.0002460457 0.24263 0.2661845 0.006140152 0.006294326 0.006294328 0.006294327 0.006294328 0.006294326 0.006294326 0.006294326 0.006294326 0.006294326 0.006294326 0.006294326
1.603104 1.37574 1.339076 1.997428 1.175081 3.021049 0.6766257 2.106158 2.223779 0.9113727 1.697757 2.069426 2.504555 0.6104904 0.198403 0.6472892 1.368703 0.2573103 1.124452 0.6400444 0.06914683 0.2681962 0.5214286 0.06914686 0.06914686 0.175463 0.02274204 0.02274204 0.6048177 0.02274204 0.02274204 0.02274204 0.1713206 0.02274204 0.02274204 0.1286666 0.02274204 0.02325474 0.02626001 0.0227628 0.4178535 0.02274204 0.0228623 0.02353688 0.1237134 0.02290424 0.02274204 0.02274204 0.02274204 0.02327663 0.02433736 0.02465725 0.02466666 0.02466666 0.02466667 0.02466668 0.0007256957 0.004631477 0.006085595 0.006294331 0.006294331 0.006294331 0.006294331 0.2686499 0.006294331 0.006294331 0.006294331 0.006294331 0.006294331 0.006294331 0.006294331 0.006294331
0.5758153 1.812393 0.9014391 0.5977658 1.231596 0.9394156 1.566686 1.268513 0.9375922 0.9417437 2.357852 7.759188 0.8875598 1.838244 1.099094 5.270141 1.801513 1.059431 1.025427 0.7975181 1.83353 2.002769 0.412643 0.4936335 0.06914684 0.05486221 0.022742 0.02274201 1.627958 0.07735065 0.02274199 0.02274201 0.09008077 0.022742 0.02643214 0.3750298 0.04380958 0.06425217 0.07045395 0.06938332 0.05799619 0.0520718 0.06140242 0.02466669 0.02466669 0.02451447 0.02349253 0.02362564 0.02418207 0.02465108 0.02466669 0.02466669 0.02466669 0.02466669 1.308455 0.07282902 0.02362871 0.006294334 0.9209701 0.009979791 0.006294334 0.006294333 0.006294334 0.006294334 0.006294334 0.006294334 0.006294334 0.006294334 0.006294338 0.006294336 0.006294331 0.006232406
0.4869401 0.6564646 0.5384763 0.5365462 0.8156714 1.182292 6.567045 2.743336 4.42521 1.365863 3.055841 2.318576 1.868627 1.908659 1.377271 0.988744 0.9801856 1.103538 2.946275 1.377473 1.345863 3.548332 11.46451 3.132099 0.0944846 0.05491928 0.02274204 0.02274204 0.7646301 0.6401981 0.02274203 0.02274203 0.02274203 0.02274205 0.06761565 0.07080088 0.07080089 0.07080097 0.07080091 0.07080096 0.07080093 0.07080089 0.06638987 0.02466671 0.02466671 0.02466671 0.02466671 0.02466671 0.02466671 0.02466671 0.02466671 0.02466671 0.02466671 0.02466671 0.02466671 0.02466671 0.02402363 0.00629434 0.00629434 0.00629434 0.00629434 0.006294337 0.006294338 0.006294339 0.00629434 0.00629434 0.00629434 0.006294339 1.549144 0.09813187 0.002752593 0.003931225
8.161525 1.060701 0.6441149 0.4029355 16.91587 2.0184 89.91127 3.312642 1.278374 1.508794 1.918068 1.167662 2.258804 1.568702 1.817863 2.158117 2.934618 2.990436 1.96358 3.382804 3.023579 12.92071 20.95143 3.904198 1.837612 0.1343212 0.2929085 0.197491 0.07670716 0.04084594 0.03717379 0.4510314 1.917235 0.02274201 0.1513227 0.0708008 0.0708008 0.1251199 0.07080084 0.07080084 0.07080082 0.07080082 0.4392699 0.02466666 0.02466666 0.02466666 0.02466666 0.02466666 0.02466666 0.02466666 0.02466666 0.02466666 0.02466666 0.02466666 0.02466666 0.02466666 0.02402484 0.006294337 0.006294337 0.006294337 0.006294337 0.006294337 0.006294336 0.006294337 0.006294337 0.006294337 0.006294337 0.5479863 0.3547435 0.0002134028 0 0.003381593
0.4756386 0.743096 1.043921 0.5978291 1.392595 0.3689979 0.8547001 0.6877161 4.713981 0.9095373 0.5455348 2.089245 1.146074 1.493076 3.057008 3.215934 23.16044 2.455772 3.266477 11.04827 4.860973 320.4531 28.12884 3.581228 0.6595644 0.3429196 4.275293 5.591028 0.02274201 0.7466028 4.375488 0.03097873 0.02274201 0.02274201 0.06756423 0.07080086 0.07080086 0.1449844 0.07080086 0.2925955 0.1954622 0.07080086 2.502892 0.1097276 0.06808869 0.07002576 0.07081472 0.2624758 2.429864 0.4113857 0.2829851 0.04141359 0.02466671 0.02442669 0.02466671 0.02466671 0.02401961 0.006294338 0.006294338 0.006294337 1.168231 0.006294337 0.006294337 0.142771 0.4385093 0.006294338 1.30543 4.476247 0.0003871886 0 0 0.001032571
0.2174921 0.3049178 0.2594978 0.2572164 1.062763 0.5256491 0.3653562 0.739269 0.4956607 2.050153 4.789948 1.217159 1.209148 0.7984899 1.6235 1.627917 1.971434 1.440039 2.635475 6.735987 10.7114 5.108813 6.343657 1.365313 0.5214089 0.540131 0.4454291 0.6798356 0.25571 0.03840091 0.02742704 0.02595129 0.9057119 0.02567563 0.06683762 0.0708009 0.0708009 0.0708009 0.07080088 0.8901004 0.0708009 0.07080089 0.0708009 0.0708009 1.577439 0.1132612 0.7600304 0.1238953 0.1071972 0.07888918 0.2949043 4.610166 0.8550818 2.130692 0.2350153 0.0246667 0.02543417 0.1230878 0.006294342 0.006443062 0.006307664 0.9769197 0.7973626 0.006299397 0.006297268 0.006293721 0.006294259 0.002283597 0 0 0.4971169 0.3177311
0.2561801 0.1923867 0.7015352 0.3565339 0.6512623 0.7361428 1.268663 0.7961882 0.4903851 1.136948 0.9917046 0.9199526 1.390215 0.817002 1.154063 3.594257 5.990932 0.8441601 0.6943163 1.978783 3.261069 2.451632 2.034002 1.979472 5.285901 2.654469 2.05429 1.000325 2.004237 13.36742 0.1984148 0.1639984 1.799652 0.159326 0.07268901 0.07022437 0.2552878 5.10175 1.131895 2.189279 0.1502079 3.946115 0.3975126 2.835951 0.186025 0.5432855 0.1347029 0.1347029 0.1347029 0.1347029 0.104166 0.024221 2.404187 5.21918 3.589788 0.7437592 0.1693662 8.426142 1.670637 5.268969 3.798604 0.2657135 0.01350751 0.0135097 0.01311071 0.005171061 0.6875162 0.006246283 0.0001720634 0 5.608366 21.05414
0.7210501 0.3545122 1.747836 0.8379587 2.909448 1.17352 1.135065 0.9772832 8.486147 1.185222 1.125407 0.7078712 1.727043 26.56255 1.325588 1.416808 1.38816 1.52545 5.819705 1.354998 2.869676 5.255413 3.011753 7.086362 1.819988 1.981052 1.252896 0.620271 0.6137445 0.9453833 0.7183263 0.6013135 0.2542528 0.1439378 0.1923629 0.2811442 2.276759 101.2345 0.03713322 0.0299898 -9999 -9999 -9999 0.07080086 0.07080077 0.1132881 1.391261 0.1352381 0.1554449 0.1554542 0.152434 0.1446785 2.621099 5.520484 2.086103 3.354384 1.888426 9.218807 7.614091 4.151195 8.860465 3.366274 0.01351007 0.01351007 0.01314738 0.005171048 0.007860539 0.0133415 0.01059335 0.002318208 0.08682163 6.099882
0.07462984 0.1638578 0.1628275 0.2089815 0.2594031 0.3303125 0.4806759 4.15549 0.4734664 1.288983 1.475803 1.929738 1.507692 2.57433 1.261364 0.9798432 2.266075 2.249165 1.804904 1.328589 2.248885 34.13404 8.146209 4.335575 4.167592 4.79101 7.92906 1.935216 1.765124 1.803894 8.180399 7.527889 3.782849 0.3190909 0.8026142 3.028145 1.281897 0.002337301 0 -9999 -9999 -9999 -9999 -9999 0.07080085 0.1074501 1.124464 0.1347956 0.1567113 1.517538 0.1570318 0.1577614 0.1997407 0.1902926 0.3161142 0.4838486 5.474285 1.758728 0.5234087 1.120127 4.560678 0.03045723 0.004021922 0.004077065 0.00405002 0.003253818 0.1795482 0.01087915 0.4028797 0.01317442 0.4505949 0.06439479
0.1177112 0.11674 0.11674 0.2258444 0.4032604 0.3129752 4.280278 0.589509 0.5728286 0.402387 0.7350338 0.7357762 4.157083 1.687334 1.658745 0.691286 0.5833588 1.875113 0.9793392 1.51328 1.336333 3.405962 4.007046 4.329242 3.323091 3.899581 12.22617 3.474024 9.257492 10.57991 16.02482 4.002427 4.785956 4.899491 2.154984 2.479454 -9999 -9999 32.77392 12.21451 0.9356377 -9999 -9999 -9999 -9999 -9999 0.134703 0.1347031 0.1462468 0.1468588 0.1485664 0.1577618 0.1577618 0.1625328 0.1901603 0.2911368 3.819338 4.403718 0.3693263 0.006788367 0.09421396 1.096795e-05 0.08864767 0 0.01266214 0.003430716 0.001691157 0.8523867 0.00410521 0.008045148 5.594999 0.6770699
0.1545098 0.1070983 0.1072483 0.131292 0.2365067 0.2781811 0.3579059 0.5838315 0.6060276 0.9776079 10.04259 1.175924 1.574524 1.67233 43.46527 1.612185 1.011449 1.049512 9.329545 3.195891 3.119925 3.795424 76.67491 7.333644 13.64718 9.110437 7.164054 9.271082 5.208854 2.361001 6.071482 77.77067 11.07731 3.854149 7.799948 3.775871 2.565843 3.087356 3.316304 3.540605 10.76093 175.9363 6.304779 3.954133 2.117925 1.814469 9.559903 32.10995 0.271295 0.134703 0.7888712 0.2493167 0.1560865 17.69617 15.20917 0.7011321 0.6780251 1.208299 0.9353396 0.006788377 0.002280265 0 0 0.2126431 3.272018 7.571576 0.4641875 0.2687107 1.536557 1.414893 30.06946 10.76548
1.995809 0.394461 1.387136 1.302984 4.775645 0.1424411 0.5457693 0.7055997 0.3950716 1.283882 1.170001 0.7657034 0.6655095 0.9385974 1.342259 1.499706 1.250754 1.05525 1.413018 2.214008 2.893519 2.426119 8.673469 11.09369 7.454259 9.987625 9.140266 21.28254 9.051642 4.409602 6.791898 3.944509 3.861727 3.761909 3.220353 7.622927 4.121445 2.591682 4.499427 3.134547 6.961083 8.62339 3.561707 1.87762 2.410189 2.708167 5.503368 20.00322 4.564849 1.817738 8.257592 2.847329 4.758962 15.35419 19.46889 3.072789 7.742538 31.26875 1.762704 0.2673209 0.6090003 2.566452 0.5832009 2.342154 5.135946 1.945613 10.45277 14.85397 19.36031 52.07618 91.69196 24.17014
1.669431 1.289837 1.682515 0.9749381 0.2754992 0.2882281 0.2038439 0.3055072 0.2417996 0.2418092 0.6358966 0.4835788 0.791593 0.7926053 0.7859115 3.09849 1.126111 1.147232 2.537611 2.814991 2.077355 3.230477 2.811142 3.081829 8.044214 17.2117 15.50104 66.66468 17.20253 21.05837 14.42033 9.808887 12.20545 5.204295 3.068756 5.387827 10.95458 14.55386 3.654658 12.11005 7.796819 21.36959 2.777085 10.19763 5.47738 12.38168 13.90751 18.20131 4.00227 0.445578 1.338328 5.147454 7.635475 1.358386 0.7673845 0.7627718 1.727523 4.881894 0.138881 0.3034105 1.297871 21.15465 7.572253 6.018425 47.37693 28.35055 17.98257 74.53513 963.54 268.5201 61.38244 32.9629
0.8805351 0.8758323 0.7950775 0.3445546 0.1863262 0.1648671 0.0928396 0.1137112 0.3618298 0.3617192 0.471866 0.4831506 0.5441633 1.047201 1.063472 1.181068 1.251115 1.311946 4.76516 10.05015 2.568293 2.530175 4.803734 4.986317 5.970005 15.89632 15.65639 24.05328 77.76569 418.969 74.00423 16.98512 17.22749 11.32691 5.730769 9.960608 16.76179 11.3364 5.155999 6.381423 22.86096 5.563827 2.522356 13.47614 19.97704 26.73556 20.92742 6.86247 10.38095 47.90506 -9999 -9999 2.645265 2.226031 -9999 14.17121 5.566337 16.40128 3.138377 2.699583 5.409952 1.84841 7.675355 34.38355 435.4752 58.22039 39.82154 71.31009 493.5536 166.8024 59.18245 34.07884
1.615986 3.873916 9.422452 0.4217922 0.3599207 0.4337358 0.7566567 1.863918 5.470776 1.093509 0.4879277 0.4829212 0.5316468 0.6480809 0.9197576 0.8395113 0.8572659 0.9035259 2.755828 1.633493 1.63078 13.56775 3.488987 4.506108 9.806536 9.671201 7.150503 22.06468 86.17385 662.0155 108.3444 15.20094 34.94615 45.90662 9.974311 25.15409 60.11135 12.74515 18.89024 57.79349 34.28352 22.40874 -9999 17.95058 46.19626 20.35378 13.51596 7.577659 5.165935 14.45723 -9999 -9999 -9999 12.47903 43.86755 67.48194 52.26093 40.53195 9.849136 5.655971 3.984931 3.538033 4.346591 19.26792 33.76933 27.99025 20.65034 14.00982 19.44815 78.68758 19.97491 16.53331
2.967874 0.4850375 2.93922 0.2500549 9.315194 6.740061 1.041372 1.659588 11.50714 41.81102 0.5828782 0.7358096 0.5014603 0.5671137 0.7081449 8.011092 1.155503 1.115314 1.616518 7.744174 1.947679 5.266605 14.37539 5.373713 11.65249 6.192494 9.892795 26.61435 36.04458 43.71935 27.11721 43.9445 21.74887 15.11215 9.536913 6.377301 31.90888 21.48337 62.47314 159.8188 62.15943 24.59806 17.25975 18.85619 8.782024 18.67482 16.56547 14.55906 14.06112 34.94041 21.00472 -9999 22.97052 19.88623 11.92758 29.76098 138.5082 170.9833 68.95129 64.09859 38.67002 37.82706 68.52434 41.85671 23.34446 8.792533 3.791579 7.999969 9.456728 64.60944 30.18877 19.27014
1.396043 0.2826268 0.192446 0.1108781 0.5803015 0.603096 0.58235 2.536168 3.330231 3.603597 1.522231 1.206238 0.6565681 0.6500152 0.5890698 0.786854 0.904411 2.635621 1.560624 7.296009 5.237404 6.137602 69.51611 9.833404 11.40954 6.292243 10.03617 12.53489 7.910167 20.21692 21.73256 20.61823 11.99522 55.938 20.46262 17.34432 19.40503 18.60841 36.98492 56.13923 95.66467 -9999 18.33802 22.89962 15.68119 22.21117 38.2327 54.34763 101.4146 18.53827 13.0207 -9999 22.8513 13.10375 37.00556 116.1473 976.9517 2312.468 482.7736 153.6644 19.5143 20.09208 8.721556 21.97371 27.28201 6.656914 1.46271 2.288946 9.18537 23.52401 22.27298 31.84829
0.3348097 0.08070243 0.5870746 1.1792 0.26271 0.08864467 0.2996747 0.4699365 1.094658 2.501252 2.604439 2.052805 1.108719 1.907249 2.286963 1.295593 2.566378 2.127654 2.666464 3.884646 4.459011 5.072289 13.53377 14.12169 9.530228 14.69099 9.733795 7.413484 10.21816 24.15683 11.9387 9.258313 12.21379 11.17485 10.29945 11.66566 44.84506 152.9727 51.04153 247.6526 980.7244 -9999 -9999 142.1824 82.19588 42.18439 30.82347 46.64511 188.9085 43.20293 28.41976 128.3542 17.35934 66.09825 115.8008 230.6518 540.3788 353.7577 184.454 48.57693 447.5942 159.5721 43.51492 218.8207 47.54736 97.11407 12.51494 26.09911 80.33887 20.42324 14.10918 33.05046
0.08038218 0.04794848 1.906601 30.24364 1.726182 3.770985 0.5023351 0.4132236 0.2972236 2.358652 2.150009 1.676732 0.7226918 0.641864 0.7244142 0.6260589 0.7750584 1.000663 1.818419 2.722194 4.925929 12.20889 12.82358 37.12206 8.751787 11.17744 6.129346 15.69111 8.207573 8.671976 13.18974 36.13935 12.74057 10.19775 32.96291 17.79524 22.786 76.80836 64.41685 139.857 567.8103 -9999 -9999 138.2634 235.679 47.42585 130.4508 88.92391 167.7992 456.0214 249.914 71.67171 21.13028 209.9028 34.04245 44.22542 38.50564 138.0145 405.9691 33.71942 41.85802 42.06284 56.38799 53.01209 26.59896 22.49644 19.46624 41.94716 285.2661 42.54641 34.77586 54.56194
0.04738994 0.05259777 0.1732513 0.1383156 0.1866012 1.21782 2.844633 4.85341 0.3369507 1.005896 5.245538 0.6686091 0.1826552 0.1896664 0.185866 0.4725412 0.9260276 0.8704646 3.131022 2.700871 4.801726 18.475 7.627319 32.25022 6.05048 9.097378 12.08294 12.46507 40.1358 12.12201 21.80806 37.19213 50.19618 16.7466 24.52677 12.99254 27.10226 120.5721 62.56405 436.8642 1176.576 -9999 476.1982 77.02943 124.1272 68.7627 35.19227 79.90051 195.4969 1096.903 404.2749 54.49422 25.07792 -9999 -9999 526.7455 41.18594 55.48056 22.18698 26.97571 21.62103 29.75411 67.18124 70.7981 70.82837 25.28576 11.57711 18.89668 56.24427 47.18191 239.0823 94.46269
0.1934747 4.542143 0.74141 0.4145758 0.1037077 0.5090035 0.9651691 1.698221 16.08667 2.027713 1.251968 0.537254 0.3313632 0.3513572 0.4093292 0.5729098 0.8845562 1.219256 2.485749 2.942502 5.059075 5.462491 7.60939 11.22359 7.605191 8.526031 6.28709 14.78695 173.572 29.05636 14.06821 9.985744 84.5658 22.26916 70.77272 54.06638 29.29467 25.14411 48.22994 590.0156 2316.753 555.1537 90.24458 167.8468 92.52228 41.53654 34.88708 41.76997 238.7493 139.4532 92.25626 828.1707 2147.463 280.3349 55.96872 43.54047 26.0234 17.88256 17.12159 10.92903 7.04455 14.82663 18.90879 16.87369 36.14657 21.78603 27.5753 86.24401 140.2894 132.2702 457.7653 119.9176
0.4353448 0.5625601 0.6770313 0.4867259 15.23167 1.021897 37.13985 1.882543 1.842914 1.970655 3.249045 1.223102 3.65622 1.545259 12.81238 1.117305 3.077511 1.957318 3.733235 4.32142 5.073072 18.87138 12.2501 174.6568 155.7535 9.927907 5.808602 10.24357 20.45406 13.86528 18.08949 16.33682 13.78557 22.80602 39.37828 33.65467 14.49408 29.4209 31.78142 40.3754 110.8844 88.2343 23.39728 34.7089 49.94495 170.6582 31.37181 33.62173 58.21027 51.17704 68.42731 142.6738 634.3392 212.7745 201.2478 71.09491 32.37696 20.74155 30.74621 12.49432 8.827058 41.37114 40.35109 45.49282 182.8079 48.6859 76.31142 280.6523 429.341 513.082 439.3307 182.4535
3.49701 2.297202 2.652762 0.548858 1.830497 69.3703 7.351205 0.5564321 0.8767716 8.160808 1.981239 2.240104 1.647962 1.3253 1.274688 3.771667 8.544142 17.13693 6.653683 38.77293 9.397572 9.689453 116.2087 8.831329 12.95586 10.87342 5.445652 3.901921 5.296257 4.685026 9.004392 10.09038 12.19707 29.29566 12.57736 34.05257 117.0734 41.4348 34.04885 9.069696 11.65053 12.09971 22.8098 41.25912 46.99357 30.20164 33.99062 67.37802 28.50574 39.99178 70.17277 47.94188 105.3722 175.0435 71.50663 184.4689 153.8036 38.8863 29.85133 52.37401 66.54409 25.95238 65.04451 75.35761 121.2444 247.3737 256.3758 2160.887 6095.237 1181.104 333.5512 113.73
0.9988787 1.491755 5.630694 1.651214 6.914102 138.1246 76.2709 3.025619 11.75004 1.660999 1.904577 1.94454 1.284311 1.367831 5.283721 2.011523 2.591743 5.607169 3.597617 3.771333 3.872173 5.28729 10.84844 4.009295 7.536992 4.603688 11.04091 5.751918 7.038339 4.671002 12.54865 5.194441 7.434965 16.65551 15.34169 11.94689 13.37527 26.7228 37.06036 80.00629 36.90561 16.06749 84.70805 74.76427 82.05559 66.19334 33.23125 59.38641 37.70485 168.0871 158.7438 56.6461 34.73541 28.2376 93.92135 220.4963 416.3596 54.57681 71.90182 38.66764 22.69177 69.07555 210.9523 208.8615 243.9772 758.418 472.5107 579.9495 1267.344 -9999 -9999 -9999
5.633291 7.911537 9.675092 10.09847 12.39599 470.4713 523.191 3.920745 2.323663 0.5298093 1.270002 1.459027 1.233662 1.084616 1.617067 0.8470605 2.943975 2.741458 2.535202 1.973976 6.012647 2.735615 5.636759 3.866053 7.670442 11.67928 48.18836 13.90324 9.344666 6.586849 5.650984 7.855865 8.000412 38.2499 9.782731 20.12535 83.46973 21.57001 52.77931 18.71312 13.83741 31.50118 30.23607 482.6772 92.0575 39.99628 57.60836 344.3406 84.01313 135.2048 202.6314 48.88337 24.81327 15.68311 29.75281 29.49643 75.79176 20.35144 42.72979 19.04287 108.7423 72.26221 159.6617 114.3865 336.8184 845.5823 202.2197 186.1874 -9999 -9999 -9999 -9999
4.427009 6.947242 8.295747 6.369302 4.015996 13.02979 59.06743 7.158777 1.978468 0.7637684 0.8505872 2.371591 3.030019 3.185764 1.949349 1.402899 2.403242 2.606581 1.65649 2.835619 3.63764 5.305075 39.04909 9.493398 69.20341 16.87274 298.4924 135.3483 13.36268 11.92689 9.297841 24.25124 12.68751 12.84986 12.34427 16.76055 22.16298 16.54344 19.54788 26.31948 15.39058 53.39671 59.77898 46.08919 46.92992 27.38737 337.2629 359.9807 34.13662 31.31802 33.07368 33.20436 47.84787 27.86781 11.06129 56.8925 15.81778 14.94096 14.19043 54.4657 84.13353 414.622 938.1403 250.9952 64.72646 104.8997 140.761 680.308 -9999 -9999 -9999 -9999
9.748493 0.7723526 4.979896 4.923501 2.710489 9.557162 218.0846 5.066308 0.5176886 0.3206248 0.3346214 0.7778842 0.8420596 0.9239388 1.32094 1.140032 1.366085 11.85226 4.943726 3.493479 25.97361 7.314551 4.780252 3.803005 20.81591 55.30511 231.3716 91.98507 24.84836 19.28376 13.88522 80.34552 14.67115 22.37569 204.4628 634.5463 90.4963 28.39384 13.82083 14.58794 20.16435 23.44528 20.72831 27.15326 36.44016 26.59298 57.88194 36.51321 25.64915 19.04308 51.48209 26.91685 25.96441 12.37225 10.09629 12.42833 10.936 8.189939 24.20664 32.03387 60.73325 991.2239 524.1849 104.0742 43.04852 72.48325 434.0288 -9999 -9999 -9999 -9999 -9999
10.22467 0.2749878 0.5349236 0.6947088 1.513534 17.48903 62.28251 2.997809 5.611224 2.947788 5.450595 1.648526 1.06342 1.957341 7.747267 1.191 1.546971 4.024416 11.28456 6.30031 34.44504 16.15559 3.082374 15.13913 4.839681 7.255576 7.1991 8.207528 10.06993 8.958654 24.79165 11.27701 11.07724 21.61362 55.86029 101.6743 23.91339 18.2795 22.60757 13.03975 42.25146 26.47924 22.93556 23.18714 388.2478 44.92767 83.7864 62.82651 20.97573 18.47615 50.87581 60.55663 91.09509 24.67268 13.89393 5.244285 3.578375 27.53883 77.8142 54.14673 56.56654 71.25572 53.58895 59.18357 54.76087 47.71175 -9999 -9999 -9999 -9999 -9999 -9999
3.698569 0.4166336 1.048261 4.81341 1.708487 1.183893 3.399225 0.6561428 4.870855 0.3819105 0.5342656 0.4359388 1.313288 4.640495 12.39187 9.49414 6.766148 2.283714 5.003563 4.294629 21.82745 189.0908 16.47303 3.137762 5.561419 11.8326 10.95078 11.53774 9.322457 14.0754 17.2713 20.41897 19.86442 5.812153 21.8521 22.56505 14.42773 43.49295 33.30669 11.69074 68.04364 66.59994 20.94233 24.38668 52.04523 23.89262 65.52898 69.67284 20.06715 15.17708 30.64616 28.90127 21.98522 41.57936 14.95769 11.77941 15.64311 23.49134 15.81678 19.98938 127.5815 145.7973 18.98527 34.74487 34.04513 58.19322 -9999 -9999 -9999 -9999 -9999 -9999
15.01588 3.202235 1.936187 2.771347 8.545399 1.372159 3.461328 2.986732 0.1045517 0.1239441 0.7646407 0.8726154 1.780702 2.789301 10.36888 1.990681 1.076439 1.2432 1.92237 2.513562 4.804492 19.10483 8.10681 2.529556 18.21008 11.31992 42.9266 34.81534 16.20527 119.015 16.07561 10.14925 6.752168 3.051096 6.013988 5.998182 36.9279 16.41694 36.56626 13.25302 20.91265 24.60703 15.72255 22.35923 20.14605 24.24571 29.63823 28.45699 18.85883 21.6872 34.83063 25.97116 25.64151 38.44374 36.53038 74.16917 93.92429 72.27415 16.93128 17.5909 73.8078 116.0926 108.6711 378.4221 26.69317 -9999 -9999 -9999 -9999 -9999 -9999 -9999
